"p_val" "avg_log2FC" "pct.1" "pct.2" "p_val_adj" "cluster" "gene"
6.94569567814659e-58 0.398207990217216 1 0.941 1.20299449145499e-53 "0" "TRIB1"
1.66080809725722e-52 0.278661286043169 1 1 2.8765196244495e-48 "0" "CDC37L1"
2.36207363598103e-52 0.262809453339737 1 1 4.09111153751915e-48 "0" "KLF6"
1.25467003237248e-50 0.298716676406638 1 0.994 2.17308849606913e-46 "0" "CSRNP1"
2.42500266581111e-42 0.337787542646093 1 1 4.20010461718485e-38 "0" "HCAR3"
2.44347742097661e-41 0.327209813167976 0.972 0.903 4.23210289313148e-37 "0" "NABP1"
5.64927518013605e-41 0.274022385690789 1 1 9.78454461199564e-37 "0" "TNFAIP6"
3.48925874145764e-38 0.52437880546011 0.906 0.758 6.04339614020463e-34 "0" "PHLDA1"
3.08304814497561e-36 0.306375925656844 1 0.994 5.33983938709777e-32 "0" "HCAR2"
7.6661542533526e-33 0.262654432381341 1 0.994 1.32777791668067e-28 "0" "BTG2"
1.67375439789665e-32 0.317905872985878 0.984 0.938 2.89894261715699e-28 "0" "SOCS3"
2.99245680599895e-29 0.285411434066677 1 0.998 5.18293518799019e-25 "0" "ZFP36"
1.11666256610692e-28 0.297144161767262 1 0.998 1.93405956449718e-24 "0" "SGK1"
1.73195563318374e-28 0.285366275185757 0.922 0.767 2.99974715667424e-24 "0" "ARID5A"
5.56624934602156e-28 0.259937694336771 0.947 0.848 9.64074386730934e-24 "0" "SLC25A25"
1.2009139725024e-27 0.293285792092961 0.812 0.641 2.07998300037415e-23 "0" "YPEL2"
7.01107878790078e-27 0.27139344612856 0.976 0.909 1.21431884606442e-22 "0" "GADD45A"
1.34713995342028e-26 0.282543131053274 0.911 0.801 2.33324639932392e-22 "0" "TNFRSF4"
3.46827823099945e-26 0.250270240013344 0.966 0.884 6.00705789609104e-22 "0" "MT1F"
9.77776206538581e-26 0.318398380154431 1 0.987 1.69350838972482e-21 "0" "ERRFI1"
1.2560139376577e-24 0.273316541265718 1 1 2.17541614002314e-20 "0" "NFKBIA"
9.34384947746273e-21 0.292764277112343 0.893 0.774 1.61835472949655e-16 "0" "TCIM"
1.63156894821805e-20 0.295420912291713 0.989 0.962 2.82587741831367e-16 "0" "CD69"
2.01670170798326e-19 0.253908551582911 0.761 0.66 3.492927358227e-15 "0" "IGFBP5"
2.69101862487398e-16 0.261770382305301 0.901 0.868 4.66084425828174e-12 "0" "TNFAIP3"
5.70448617552905e-16 0.299614442775319 0.668 0.528 9.88017005601632e-12 "0" "GPR42"
5.068182579804e-13 0.276003276245862 0.801 0.683 8.77809222822053e-09 "0" "CH25H"
1.82784897566177e-40 0.632318796335577 0.991 0.932 3.16583442584618e-36 "1" "HSPA1A"
2.909025721259e-26 0.447363543467173 0.859 0.609 5.03843254922059e-22 "1" "HSPA1B"
2.23221170490187e-24 0.257265972048201 0.934 0.784 3.86619067289005e-20 "1" "IL27RA"
1.77358972266043e-16 0.278435869198267 1 0.988 3.07185739964787e-12 "1" "ID3"
1.47131579067444e-07 0.275062993882389 0.948 0.905 0.00254831894944813 "1" "IFI27"
1.76294137402315e-127 0.834716717366383 1 0.155 3.0534144598081e-123 "2" "PKMYT1"
9.844489682678e-117 0.836099011689373 0.946 0.142 1.70506561303983e-112 "2" "HIST1H1B"
1.28401627660073e-115 0.807638057554718 0.992 0.175 2.22391619107247e-111 "2" "ASF1B"
7.17871229596187e-109 1.10014140225071 1 0.252 1.2433529696606e-104 "2" "CDCA5"
4.67036719940401e-106 0.750879293142874 0.961 0.177 8.08907598936774e-102 "2" "CKAP2L"
5.78057231707957e-104 0.827860196019507 1 0.224 1.00119512531818e-99 "2" "KIF15"
3.23852908155176e-102 0.73719840970399 0.984 0.199 5.60913236924765e-98 "2" "MCM10"
8.83154442949894e-102 1.0689387292252 1 0.287 1.52962349518922e-97 "2" "ESCO2"
1.90885063331562e-100 0.748962172821091 0.977 0.186 3.30612929690266e-96 "2" "NCAPH"
9.52532896512378e-98 0.953351476917227 0.992 0.283 1.64978697675944e-93 "2" "SPC25"
2.3211254649222e-96 0.729711419610876 1 0.255 4.02018930524525e-92 "2" "TCF19"
5.27774437098747e-94 0.780775952308358 0.992 0.237 9.14105325055029e-90 "2" "CDCA2"
2.71153231644543e-91 0.744280323468069 1 0.28 4.69637397208349e-87 "2" "MELK"
3.16903763966847e-91 0.921272320018386 0.992 0.285 5.48877319190578e-87 "2" "NCAPG"
8.27079491957243e-90 0.951708716735068 0.984 0.28 1.43250168006994e-85 "2" "KIFC1"
3.61893564483391e-89 0.896857966025364 1 0.286 6.26799653685234e-85 "2" "CCNA2"
4.31407762034325e-88 1.23924247486743 1 0.341 7.47198243843451e-84 "2" "AURKB"
1.65116923579021e-87 0.916150218090495 0.984 0.294 2.85982511638864e-83 "2" "NDC80"
2.32672358198071e-86 0.939933792753494 0.984 0.349 4.02988524399059e-82 "2" "HIST2H2AC"
3.36660785295992e-85 0.921975580754205 1 0.291 5.83096480132658e-81 "2" "TACC3"
5.28800932901271e-85 0.724479766315165 0.93 0.208 9.15883215785001e-81 "2" "MXD3"
7.03793352106469e-85 0.758521217256466 1 0.311 1.2189700858484e-80 "2" "KIF11"
2.56492860364278e-84 0.737635120078224 1 0.364 4.44245634150929e-80 "2" "SKA3"
3.13287607285736e-84 0.735972792945691 0.93 0.214 5.42614135818896e-80 "2" "HJURP"
1.37445565537659e-82 0.829512208339111 1 0.428 2.38055719511225e-78 "2" "SYNE2"
4.55076446568428e-81 1.14880671546118 1 0.537 7.88192405456517e-77 "2" "RAD51AP1"
6.29743118304938e-81 1.55258639469075 1 0.595 1.09071508090415e-76 "2" "RRM2"
9.94055292766155e-81 0.866937889853543 0.992 0.375 1.72170376707098e-76 "2" "BRCA2"
6.54571308004502e-79 0.860074729332975 1 0.432 1.1337175054638e-74 "2" "MND1"
9.06800184567473e-79 1.22337591407118 1 0.637 1.57057791967086e-74 "2" "ZWINT"
1.51316365795383e-78 1.00884291997002 0.992 0.316 2.62079945557603e-74 "2" "GTSE1"
2.92570832920633e-77 0.838526709417954 1 0.526 5.06732682618536e-73 "2" "CDCA4"
3.71106346591623e-77 1.12162514048709 1 0.41 6.42756192296691e-73 "2" "CDCA3"
4.33698215990949e-77 1.11178685988662 1 0.743 7.51165310096324e-73 "2" "TMEM106C"
4.55180143407809e-77 0.824304982604176 0.984 0.293 7.88372008382326e-73 "2" "KIF2C"
7.3475290121778e-77 1.09520632493765 1 0.996 1.27259202490919e-72 "2" "PCLAF"
7.82200178098689e-77 1.41191024062391 1 1 1.35477070846693e-72 "2" "HIST1H4C"
1.80827772552874e-76 0.900401415716626 0.992 0.507 3.13193702061578e-72 "2" "FBXO5"
2.60591584890027e-76 1.17648512732583 1 0.686 4.51344625029527e-72 "2" "TYMS"
4.23000553345366e-76 1.02664905235365 1 0.912 7.32636958394173e-72 "2" "ATAD2"
6.48888911910961e-76 0.738338139345169 1 0.996 1.12387559542978e-71 "2" "DEK"
1.80510245689099e-75 1.04571060430269 1 0.608 3.1264374553352e-71 "2" "CENPM"
1.87145277919498e-75 1.29575683043575 1 0.702 3.24135621356571e-71 "2" "TK1"
2.21212655353366e-75 0.791097016659611 0.992 0.455 3.8314031907203e-71 "2" "RFC3"
2.53183378032353e-75 1.04714095054016 1 0.739 4.38513610752035e-71 "2" "CENPU"
2.78477412370299e-75 0.868335385703462 1 0.856 4.82322878225358e-71 "2" "RRM1"
5.80123794592746e-75 1.13079555145656 1 0.792 1.00477441223464e-70 "2" "UBE2T"
1.22685690817192e-74 1.00618712282313 1 0.652 2.12491616495377e-70 "2" "DHFR"
1.27883898213972e-74 0.767607630791229 1 1 2.214949117066e-70 "2" "TUBB"
1.47716856856192e-74 0.824437504572799 1 0.417 2.55845596074925e-70 "2" "BRCA1"
2.98360136006307e-74 0.746443087738055 0.984 0.404 5.16759755562924e-70 "2" "MASTL"
3.90780047260712e-74 0.912108939981506 1 0.994 6.76831041855554e-70 "2" "DUT"
4.06367608626907e-74 0.968491471183821 1 0.62 7.03828698141803e-70 "2" "CLSPN"
5.44064167881865e-74 1.2501984602426 1 0.564 9.42319138771389e-70 "2" "PBK"
6.70633212690424e-74 0.887630637180685 1 0.915 1.16153672437981e-69 "2" "RNASEH2A"
1.35590969862285e-73 0.802419849554755 0.992 0.608 2.34843559801478e-69 "2" "FAM111A"
1.37064584564182e-73 0.773946913822532 1 0.481 2.37395860465163e-69 "2" "ORC6"
2.29895269900205e-73 1.09645884244346 1 1 3.98178607467155e-69 "2" "H2AFZ"
3.20206783855263e-73 0.784297307234225 1 0.579 5.54598149637316e-69 "2" "TIMELESS"
1.07800238037507e-72 0.832208271319087 1 0.88 1.86710012280962e-68 "2" "WDR34"
1.16437856785768e-72 1.08408586207413 1 1 2.0167036795295e-68 "2" "TUBA1B"
2.41690139540471e-72 0.800218533456118 1 0.734 4.18607321684096e-68 "2" "TUBG1"
5.24160229796452e-72 0.959307355221322 1 0.571 9.07845518007455e-68 "2" "FEN1"
9.41918193796317e-72 1.01211774636956 1 0.871 1.63140231165522e-67 "2" "HIST1H1D"
1.54609528025321e-71 0.887897638403408 1 0.797 2.67783702539857e-67 "2" "SMC2"
1.81039654358622e-71 1.35278128787008 1 0.539 3.13560681349133e-67 "2" "MKI67"
6.99454652807804e-71 0.726847452818809 1 0.927 1.21145545866312e-66 "2" "SIVA1"
2.57039073329795e-70 0.780290022127061 1 0.86 4.45191675007205e-66 "2" "GMNN"
3.87647709917387e-70 0.790427765205299 1 0.441 6.71405833576914e-66 "2" "UHRF1"
5.87998995860648e-70 0.896634617520357 1 0.41 1.01841426083064e-65 "2" "NUF2"
8.82896013616311e-70 0.973753052395964 1 0.914 1.52917589558345e-65 "2" "PCNA"
5.71863197661951e-69 1.16928582435745 1 0.689 9.90467058350498e-65 "2" "CDK1"
1.46845054875698e-68 0.883225503852241 1 0.687 2.54335635044708e-64 "2" "CENPW"
1.93060963208604e-68 1.13310915976312 1 0.999 3.34381588277302e-64 "2" "HMGB2"
2.19001338762559e-67 0.746906637006009 0.984 0.672 3.79310318736751e-63 "2" "HIST1H1E"
5.40664940722015e-67 0.774057391238149 1 0.953 9.36431677330531e-63 "2" "DTYMK"
5.48880781921209e-67 0.764197817646291 1 0.419 9.50661514287533e-63 "2" "FOXM1"
9.76159171082351e-66 1.09662576235468 1 0.947 1.69070768431463e-61 "2" "NUSAP1"
2.73696781322365e-65 1.30109305357464 1 0.925 4.74042825250336e-61 "2" "TOP2A"
2.93278896191892e-65 0.751392729517498 0.93 0.32 5.07959048204357e-61 "2" "KIF23"
1.2171246237494e-64 0.961695322066873 1 0.819 2.10805984833397e-60 "2" "CENPX"
5.8155624953691e-64 0.938704966763597 1 0.483 1.00725542419793e-59 "2" "ASPM"
1.54969591706845e-63 1.2291014684464 1 0.909 2.68407332836255e-59 "2" "UBE2C"
1.69457502938289e-63 0.776338505885839 0.992 0.708 2.93500395089117e-59 "2" "KIF22"
3.91527872282213e-63 0.81853483765283 1 0.73 6.78126274792793e-59 "2" "MCM4"
2.93206475422762e-62 1.07052639868683 1 0.692 5.07833615432224e-58 "2" "PRC1"
4.09583176567025e-62 0.749256977472601 1 0.713 7.09398061814087e-58 "2" "CENPN"
4.26425188983424e-62 0.963993632977727 1 0.715 7.38568427319291e-58 "2" "TPX2"
5.45198427113541e-62 0.766410473238231 1 0.999 9.44283675760654e-58 "2" "TUBB4B"
8.00034198395089e-61 0.726566792564718 1 0.728 1.38565923162029e-56 "2" "HELLS"
6.19683409709096e-60 0.74691232165341 1 0.804 1.07329166561615e-55 "2" "MCM3"
6.95744020502e-59 0.895081945303529 1 0.924 1.20502864350946e-54 "2" "SMC4"
7.35225606471456e-59 1.0520255362534 1 0.919 1.27341075040856e-54 "2" "CENPF"
8.38552766976881e-58 0.802614517381734 1 0.858 1.45237339240396e-53 "2" "CKAP2"
3.48280297524729e-57 1.03185582456591 1 0.677 6.03221475312831e-53 "2" "BIRC5"
2.13911165691095e-55 0.734778493929088 1 0.46 3.70494138976976e-51 "2" "HMMR"
4.24342508743272e-55 0.8758243164151 0.93 0.404 7.34961225143347e-51 "2" "DLGAP5"
7.40016058082211e-54 0.885753134809834 1 0.738 1.28170781259839e-49 "2" "CDKN3"
3.37752471111785e-53 0.729178898482017 1 0.667 5.84987279965611e-49 "2" "CCNB2"
5.25025354047744e-28 0.780155533704503 0.736 0.327 9.09343913210693e-24 "2" "CXCL10"
1.44727723860094e-93 0.759444067379024 0.923 0.14 2.50668417725683e-89 "3" "KIF20A"
1.27756586085884e-78 0.899907933061437 0.981 0.266 2.21274407100751e-74 "3" "PIMREG"
3.69175928135243e-78 0.778931710628281 0.885 0.159 6.39412707530242e-74 "3" "KIF14"
1.2556163809675e-70 0.744711135789664 0.865 0.181 2.17472757183571e-66 "3" "NEK2"
2.69388200820458e-70 0.607388340456838 0.875 0.183 4.66580363821033e-66 "3" "SUN2"
1.25516215876316e-66 1.52443412075473 1 0.472 2.1739408589778e-62 "3" "CDC20"
4.85785204913265e-66 0.914868275039932 0.885 0.23 8.41379974909775e-62 "3" "DEPDC1"
7.56994886355872e-64 0.671648375095432 0.933 0.237 1.31111514316837e-59 "3" "CEP55"
3.2623782026956e-62 1.18527045705525 1 0.479 5.65043904706878e-58 "3" "TROAP"
9.89605905863691e-61 1.1346443061687 0.99 0.472 1.71399742895591e-56 "3" "HMMR"
3.16475300632119e-60 1.24198268689124 1 0.907 5.48135220694831e-56 "3" "PTTG1"
8.09003012132796e-60 0.923901651779997 1 0.521 1.401193217014e-55 "3" "PRR11"
1.0530035914712e-59 0.751187481541379 0.99 0.375 1.82380222042812e-55 "3" "CIT"
1.27634808307772e-59 0.755752235183958 0.942 0.307 2.21063487989062e-55 "3" "KIF4A"
3.19723022602956e-59 1.38793177219114 1 0.494 5.5376027514832e-55 "3" "ASPM"
1.01506108404011e-58 1.01103029801191 1 0.994 1.75808579755748e-54 "3" "ARL6IP1"
1.96277063490806e-58 1.29369302479209 1 0.744 3.39951873966076e-54 "3" "CDKN3"
4.03986170721592e-57 1.35734486010829 0.99 0.827 6.99704047689797e-53 "3" "CCNB1"
7.42921377377593e-57 1.0601630981959 0.99 0.881 1.28673982561799e-52 "3" "UBE2S"
9.04514372054974e-57 1.22468022677039 1 0.684 1.56661889239921e-52 "3" "BIRC5"
5.67216299563316e-56 0.662152704597762 0.856 0.207 9.82418630843663e-52 "3" "CENPA"
9.04235332907128e-56 1.09039013237536 1 0.674 1.56613559659515e-51 "3" "CCNB2"
1.93708810600199e-55 0.503719593958792 1 1 3.35503659959545e-51 "3" "NUCKS1"
1.32738397395403e-54 0.690668863928634 1 0.857 2.29902904288837e-50 "3" "MZT1"
3.73758823041109e-54 1.29661995398434 1 0.921 6.473502815072e-50 "3" "CENPF"
4.25778221401133e-54 0.664077606475996 0.942 0.333 7.37447879466762e-50 "3" "SPAG5"
3.23126121895876e-53 0.745097103770801 0.962 0.43 5.59654443123657e-49 "3" "ECT2"
3.41004869249938e-53 0.992786719243206 0.99 0.537 5.90620433540893e-49 "3" "CENPE"
3.84285873195718e-53 0.712748622252758 1 1 6.65583132374983e-49 "3" "JPT1"
7.32036292075653e-53 0.575844942298163 1 0.999 1.26788685787503e-48 "3" "RAD21"
1.42739229050668e-52 0.966727779932577 0.933 0.337 2.47224344715756e-48 "3" "GTSE1"
4.96601640863888e-52 1.11223052924688 1 0.699 8.60114041976254e-48 "3" "PRC1"
1.55522701651889e-51 0.818400473144837 0.962 0.46 2.69365319261071e-47 "3" "NCAPD2"
1.93203123404638e-51 0.575950355400303 0.74 0.163 3.34627809736833e-47 "3" "NEURL1B"
4.43142437221646e-51 0.51765938681534 1 0.434 7.67522701267891e-47 "3" "PRAC2"
3.01347808394085e-50 0.588987482164799 1 1 5.21934404138555e-46 "3" "LGALS1"
3.74144558760155e-50 0.979662128983282 0.952 0.414 6.48018375772588e-46 "3" "DLGAP5"
9.64693579328662e-50 0.804032707016238 0.971 0.538 1.67084927939724e-45 "3" "KNSTRN"
1.30086104450511e-49 0.823490859286204 1 0.994 2.25309132908285e-45 "3" "TUBA1C"
2.5791127493513e-49 0.921540060113221 1 0.926 4.46702328187645e-45 "3" "SMC4"
3.28431344273027e-49 0.57099296234855 1 1 5.68843088280882e-45 "3" "HMGB1"
6.12680951749097e-49 0.533776802534949 1 0.988 1.06116340842944e-44 "3" "PTMS"
1.50517217493875e-48 0.563848194627665 1 1 2.60695820699392e-44 "3" "HMGN2"
1.69398327090046e-48 0.58370257527735 0.808 0.242 2.9339790251996e-44 "3" "BUB1"
2.93744487724886e-48 0.960661959030511 0.99 0.722 5.08765452739503e-44 "3" "TPX2"
5.65416236730464e-48 0.599510188719889 0.942 0.353 9.79300922017164e-44 "3" "KNL1"
6.86393851566705e-48 0.74431916881391 0.962 0.528 1.18883415091353e-43 "3" "HMGB3"
7.46607200719431e-48 0.670100683027555 1 0.841 1.29312367164605e-43 "3" "CKAP5"
1.14764051283656e-47 0.764269433270216 0.962 0.436 1.98771336823292e-43 "3" "FOXM1"
1.43661906033487e-47 1.12157378839817 0.99 0.55 2.4882242125e-43 "3" "MKI67"
2.58769955231993e-46 0.725028948031645 0.894 0.316 4.48189562461811e-42 "3" "TACC3"
2.83602814713373e-46 0.509523570979278 0.942 0.418 4.91200075083563e-42 "3" "RANGAP1"
3.98582223199398e-46 0.580527143894255 1 0.848 6.90344410581357e-42 "3" "DCXR"
2.20760424249495e-45 0.924621797037016 1 0.573 3.82357054800125e-41 "3" "PBK"
2.53065468935927e-45 0.728952686349729 0.894 0.352 4.38309392197026e-41 "3" "SGO2"
2.69643659732343e-45 0.953147305075564 0.904 0.432 4.67022818656419e-41 "3" "NUF2"
8.62474861371296e-45 0.697644598175433 1 0.72 1.49380645989509e-40 "3" "CENPN"
9.98518000994398e-45 0.672202507829204 1 0.805 1.7294331777223e-40 "3" "MAD2L1"
1.92546939379289e-44 1.38063974074622 1 0.911 3.33491299004928e-40 "3" "UBE2C"
8.77006649199418e-44 0.556754614869547 0.817 0.267 1.51897551641339e-39 "3" "TTK"
1.1595499465642e-43 0.606692156012533 0.837 0.283 2.0083405074492e-39 "3" "CDCA8"
1.33076563951655e-43 0.739324742844403 0.875 0.318 2.30488608764267e-39 "3" "KIF2C"
2.46311428397654e-42 0.591801464827801 0.99 0.681 4.26611393984738e-38 "3" "SPTBN1"
3.31396211763272e-42 1.09783851626545 1 0.926 5.73978238773987e-38 "3" "TOP2A"
8.0007471056644e-42 0.552845703193477 0.952 0.533 1.38572939870107e-37 "3" "PARPBP"
1.32585512882386e-41 0.865860788714931 1 0.861 2.29638108312293e-37 "3" "CKAP2"
4.14806983539832e-41 0.6903071722368 0.885 0.382 7.18445695490989e-37 "3" "SGO1"
2.5661182486308e-40 0.512437259245982 0.99 0.689 4.44451680662854e-36 "3" "AIMP2"
4.92775988319893e-40 0.746466606713583 1 1 8.53488011770055e-36 "3" "H2AFZ"
6.90866711234145e-40 0.671310126862977 1 0.694 1.19658114385754e-35 "3" "CENPW"
1.04679665832064e-39 0.532942701929738 1 1 1.81305181221135e-35 "3" "STMN1"
1.21749149136363e-39 0.67311641844961 1 0.998 2.10869526304181e-35 "3" "CKS2"
5.33386106279056e-39 0.756369946309767 1 1 9.23824736075325e-35 "3" "TUBA1B"
5.74323372534847e-39 0.61372092543128 0.865 0.339 9.94728081230355e-35 "3" "KIF23"
1.38680263439496e-38 0.88699883474294 0.798 0.347 2.40194216277207e-34 "3" "AURKA"
1.69143794801248e-38 0.545799304127799 0.962 0.646 2.92957052595762e-34 "3" "EMC9"
2.83274032839354e-38 0.572751667850554 0.99 0.773 4.90630624877762e-34 "3" "HDGF"
3.41875283088351e-38 0.813338112403105 0.923 0.43 5.92127990309024e-34 "3" "CDCA3"
7.02127317506383e-38 0.576200558922784 0.99 0.876 1.21608451392106e-33 "3" "H2AFV"
1.17192852109247e-37 0.7465033121858 0.894 0.513 2.02978019853216e-33 "3" "REEP4"
1.72724812589684e-37 0.878439831788212 0.962 0.731 2.99159375405333e-33 "3" "PLK1"
4.23271148663283e-37 0.63005925459159 0.846 0.316 7.33105629484806e-33 "3" "CCNA2"
1.39890349961823e-36 0.612375759430531 0.981 0.608 2.42290086133877e-32 "3" "RACGAP1"
8.42742892899985e-35 0.795344759278735 1 0.999 1.45963069050277e-30 "3" "HMGB2"
1.26254867894849e-34 0.865044868743866 1 0.948 2.18673431193879e-30 "3" "NUSAP1"
2.62735359891887e-34 0.577033682558501 1 0.954 4.55057643332748e-30 "3" "DTYMK"
6.57699857133841e-34 0.590234786090699 1 0.922 1.13913615255581e-29 "3" "ATF5"
1.00517470036146e-33 0.58196033891514 0.952 0.508 1.74096258102604e-29 "3" "PHF19"
8.24913734729966e-32 0.564902820950228 0.952 0.592 1.4287505885523e-27 "3" "KIF18A"
5.16722369928684e-31 0.499662490254291 0.817 0.343 8.9496314471648e-27 "3" "KIF11"
7.66445729697794e-31 0.54758007468498 0.885 0.481 1.32748400383658e-26 "3" "PSRC1"
2.14196592190743e-29 0.527798413319088 0.981 0.647 3.70988497674367e-25 "3" "ZWINT"
3.76050743507293e-29 0.525021297575804 1 0.844 6.51319887754632e-25 "3" "KIF20B"
2.69334328503975e-27 0.647032370152571 0.779 0.441 4.66487056968885e-23 "3" "CDC25B"
1.05706339711915e-26 0.511183766726519 0.788 0.313 1.83083380381036e-22 "3" "KIFC1"
2.80605366655876e-26 0.510693989378493 0.971 0.804 4.86008495047977e-22 "3" "SMC2"
8.11998095896093e-25 0.632944482297608 0.808 0.373 1.40638070209203e-20 "3" "AURKB"
1.47617234582898e-24 0.712779919081403 0.99 0.9 2.55673050297579e-20 "3" "KPNA2"
3.20679428056722e-24 0.784631254583901 0.952 0.7 5.55416769394242e-20 "3" "CDK1"
2.99115756873972e-23 0.790821612088184 1 0.999 5.1806849090572e-19 "3" "TUBB4B"
2.22658161764754e-84 0.520409046231132 0.624 0.05 3.85643936176554e-80 "4" "CA9"
8.59748123925675e-62 1.19962451064775 0.99 0.489 1.48908375063927e-57 "4" "ALDOC"
5.76500416944743e-55 0.496725438286883 1 1 9.98498722148294e-51 "4" "ZFAS1"
6.77572603765475e-55 0.422853043044259 0.564 0.078 1.1735557497218e-50 "4" "SLC2A1"
4.31678629947249e-54 1.0987560712366 1 0.965 7.47667387068635e-50 "4" "BNIP3"
2.66132419012265e-51 0.609894497224918 1 1 4.60941349729243e-47 "4" "LDHA"
4.02575080340587e-50 0.887581525492368 1 0.97 6.97260039149897e-46 "4" "P4HA1"
6.51208684171387e-50 0.379554293128876 1 1 1.12789344098484e-45 "4" "FTL"
6.47636211773407e-49 0.595213897071234 1 0.997 1.12170591879154e-44 "4" "EPB41L4A-AS1"
1.4001507747455e-47 0.644134577578168 0.891 0.356 2.42506114185921e-43 "4" "AC097534.2"
6.56338318847463e-46 0.459829078265081 0.634 0.128 1.13677796824381e-41 "4" "PDK1"
1.158188280781e-45 0.782832297843324 0.782 0.256 2.0059821023127e-41 "4" "ARG2"
3.22255460504516e-45 0.649032971717491 1 1 5.58146457593822e-41 "4" "ALDOA"
2.03270529595783e-44 1.04055468581749 1 0.983 3.52064557259896e-40 "4" "FAM162A"
2.06001759945986e-44 0.688887705674843 1 0.914 3.56795048226448e-40 "4" "HIST1H2BD"
3.08658058340686e-44 0.629410637594857 0.99 0.67 5.34595757046068e-40 "4" "KDM3A"
3.48767789215785e-42 0.42110339902502 1 1 6.04065810921739e-38 "4" "BNIP3L"
3.74803248948977e-42 0.664918494630205 0.99 0.948 6.49159227179628e-38 "4" "GPI"
1.48985253564504e-41 0.327576640926005 1 1 2.58042459173722e-37 "4" "RSL1D1"
3.07791059079242e-40 0.510318008284094 0.95 0.391 5.33094114325247e-36 "4" "HIST1H2BC"
1.39164793033584e-39 0.561643111533603 1 0.996 2.41033421534167e-35 "4" "HIST1H2AC"
2.1304424810827e-39 0.462929705829046 1 0.9 3.68992637723523e-35 "4" "GSTM5"
2.30563991058073e-39 0.824368480673095 0.941 0.435 3.99336832512583e-35 "4" "STC1"
3.4353463963288e-39 0.711507374644758 1 1 5.95001995844147e-35 "4" "PGK1"
7.08129686418254e-39 0.56023033816133 0.782 0.277 1.22648061687642e-34 "4" "AK4"
1.41203304980315e-38 0.34674758360988 0.376 0.043 2.44564124225906e-34 "4" "ELAVL3"
2.58887919604514e-37 0.428012073864224 1 1 4.48393876755018e-33 "4" "ENO1"
3.54845455832518e-37 0.684678879515927 0.921 0.593 6.14592329501922e-33 "4" "MTFP1"
4.40816397329047e-35 0.379893973049001 1 0.977 7.63494000173909e-31 "4" "ZNF581"
1.03075581378668e-34 0.448510181581136 1 1 1.78526906947853e-30 "4" "TAF1D"
1.346917472694e-34 0.522924777448272 1 0.989 2.332861062706e-30 "4" "WSB1"
2.09515028287416e-31 0.504881349302367 0.98 0.877 3.62880028993804e-27 "4" "SLC16A3"
4.72306842084054e-31 0.354627443896894 0.554 0.145 8.18035450489582e-27 "4" "FUT11"
1.25564804890638e-30 0.361480281740497 0.564 0.153 2.17478242070585e-26 "4" "VEGFA"
2.4826801464579e-30 0.502426921767551 0.891 0.604 4.30000201366508e-26 "4" "PLOD1"
3.64627905783329e-30 0.423436691385999 0.99 0.894 6.31535532816725e-26 "4" "DPCD"
3.72083605726573e-30 0.331549540815719 1 0.993 6.44448805118424e-26 "4" "EIF1B"
3.77027663464717e-30 0.353302633810697 1 0.988 6.5301191312089e-26 "4" "LDB2"
1.41168892307549e-29 0.372837731851281 0.545 0.14 2.44504521476675e-25 "4" "HIST1H4H"
2.56325642526719e-28 0.382437475031346 0.99 0.932 4.43956012856277e-24 "4" "LETMD1"
3.3764447117376e-28 0.329750565902385 1 0.997 5.84800224072953e-24 "4" "SLC2A3"
7.13111337038259e-28 0.53268527073703 1 0.993 1.23510883575027e-23 "4" "LINC00659"
2.64331610108609e-26 0.348352501474665 0.98 0.773 4.57822348708112e-22 "4" "DLG4"
4.27117157420685e-26 0.386657305993882 1 0.983 7.39766916652627e-22 "4" "C4orf3"
5.95343896770219e-26 0.344781966338749 1 0.999 1.03113562920602e-21 "4" "PDCD1"
7.70472985145457e-26 0.415909572752848 1 0.812 1.33445921027193e-21 "4" "PFKP"
1.14033543899093e-25 0.456401617954848 0.97 0.946 1.9750609803323e-21 "4" "ENO2"
1.23231180116118e-25 0.396908304631432 0.99 0.831 2.13436403961117e-21 "4" "MPI"
1.60907191883753e-25 0.558829209162313 0.931 0.698 2.78691256342661e-21 "4" "AL031777.3"
3.66437249307053e-25 0.408281097579517 0.881 0.552 6.34669315799815e-21 "4" "GYS1"
5.03272640214825e-25 0.514734220623854 0.911 0.641 8.71668212852077e-21 "4" "NDRG1"
6.65073109411755e-25 0.419993518637475 0.812 0.467 1.15190662550116e-20 "4" "THAP8"
3.01906989594972e-23 0.71476260528905 0.743 0.469 5.22902905978492e-19 "4" "HILPDA"
4.72488645439278e-23 0.336161168482759 0.95 0.709 8.18350333900829e-19 "4" "KDM5B"
6.00663406835953e-23 0.442627765888505 1 0.989 1.04034902063987e-18 "4" "CLEC2B"
7.79248978395028e-23 0.332451591669847 0.941 0.592 1.34965923058019e-18 "4" "GEMIN8"
9.17988910016496e-23 0.381937582765974 0.97 0.847 1.58995679214857e-18 "4" "LY6E-DT"
1.85706876986406e-22 0.416748050676203 0.96 0.825 3.21644310940456e-18 "4" "BLVRB"
3.29590884907855e-22 0.329742169654449 0.99 0.926 5.70851412660404e-18 "4" "AP3S1"
8.46202108106838e-22 0.571977499661824 1 0.915 1.46562205124104e-17 "4" "ADM"
2.63218354130185e-21 0.309281488766478 1 0.987 4.55894189353481e-17 "4" "DARS"
2.69218414011942e-21 0.345969283255647 0.96 0.842 4.66286293068684e-17 "4" "ABRAXAS1"
4.91927341438068e-21 0.381391709494351 0.871 0.517 8.52018155370734e-17 "4" "FAM210A"
6.46976264804358e-21 0.35799068363196 0.99 0.82 1.12056289064115e-16 "4" "OSER1"
1.86943952969931e-20 0.367043478686126 0.96 0.846 3.2378692654392e-16 "4" "FAM216A"
3.430728486748e-20 0.359732849303189 0.99 0.947 5.94202173904754e-16 "4" "A1BG"
4.08962896612392e-20 0.29963187244325 1 0.984 7.08323736932664e-16 "4" "SAT2"
5.91633557930719e-20 0.32177870813368 0.861 0.612 1.02470932233601e-15 "4" "HDHD5"
1.41765829069259e-19 0.362414396653733 0.822 0.515 2.45538415947957e-15 "4" "TPT1-AS1"
1.73962738279831e-19 0.319263158229295 0.881 0.644 3.01303462700667e-15 "4" "CACNG3"
1.95681396106995e-19 0.332821406481062 0.911 0.752 3.38920178057315e-15 "4" "CLK4"
1.60885493878382e-18 0.309851749593638 0.683 0.372 2.78653675397357e-14 "4" "RAB3A"
2.08940266044537e-18 0.301538910270296 1 0.915 3.61884540789139e-14 "4" "ZNF292"
2.10736890939649e-18 0.396531761009391 0.96 0.929 3.64996295107471e-14 "4" "LY96"
2.20384843119429e-18 0.321124426114462 0.822 0.559 3.81706548282851e-14 "4" "RLF"
2.6816169470504e-18 0.373444860271918 0.733 0.436 4.64456055229129e-14 "4" "ANKRD37"
3.29346716988548e-18 0.481138171376442 0.861 0.616 5.70428513824165e-14 "4" "S100A10"
3.85007011185276e-18 0.419721121585942 0.871 0.599 6.66832143372898e-14 "4" "HIST1H2AE"
4.57320627204771e-18 0.301617311949532 0.99 0.82 7.92079326318664e-14 "4" "DDX39B"
5.81296014699223e-18 0.358048716411055 0.931 0.833 1.00680469745905e-13 "4" "RAC2"
9.30303961647714e-18 0.337727894462764 0.901 0.795 1.61128646157384e-13 "4" "NFKBIL1"
1.07229550557161e-17 0.330722102430684 0.822 0.559 1.85721581565002e-13 "4" "ZNF667"
1.28700754619128e-17 0.362634689928218 0.931 0.783 2.2290970700033e-13 "4" "SNHG12"
1.33605450797332e-17 0.314505746212935 0.96 0.83 2.31404640780979e-13 "4" "LINC01550"
3.18271260330177e-17 0.434678658724601 0.871 0.712 5.51245822891867e-13 "4" "CAMK1G"
4.96511784437988e-17 0.343404210625286 0.921 0.767 8.59958410646595e-13 "4" "HK1"
6.50234853397994e-17 0.524640435511662 0.99 0.875 1.12620676608533e-12 "4" "RGS2"
1.04784118269776e-16 0.311740265868696 0.772 0.538 1.81486092843253e-12 "4" "FAXDC2"
3.29686886532335e-16 0.31521828363356 0.99 0.978 5.71017687474004e-12 "4" "RNMT"
6.6981824599615e-16 0.321632536176911 0.99 0.874 1.16012520206533e-11 "4" "CCDC58"
1.27507134189641e-15 0.318413695562034 0.881 0.663 2.20842356416459e-11 "4" "MXI1"
2.02858426198303e-15 0.321074109374823 0.97 0.946 3.5135079417546e-11 "4" "GALNT9"
3.25619071084041e-15 0.312155515593293 0.842 0.714 5.63972231117559e-11 "4" "KYAT3"
8.25979003084316e-15 0.316537598007218 0.851 0.695 1.43059563334203e-10 "4" "FAM13A"
1.01570469216397e-13 0.305446367507086 0.99 0.963 1.75920052682799e-09 "4" "HIST2H2BE"
3.65080626935306e-13 0.308415479422434 0.772 0.465 6.3231964585195e-09 "4" "HIST1H3H"
9.30809493433928e-12 0.333491418507943 1 0.995 1.61216204262756e-07 "4" "DDIT3"
1.37123152111234e-10 0.303757683280335 0.733 0.549 2.37497299456657e-06 "4" "AXL"
1.61376923982348e-08 0.394012147603493 0.693 0.573 0.000279504832337426 "4" "FAM43A"
2.28180659260628e-08 0.319821362592095 0.861 0.842 0.000395208901839407 "4" "SLC16A1"
1.39709076736234e-54 0.333175971901965 0.675 0.096 2.41976120907157e-50 "5" "AUNIP"
1.80522195338925e-50 0.358347753787334 0.875 0.179 3.12664442327018e-46 "5" "XRCC2"
1.44831887042202e-39 0.706141037727291 1 0.593 2.50848828357094e-35 "5" "GINS2"
4.28451065797105e-39 0.696774680757486 1 0.819 7.42077245960586e-35 "5" "MCM5"
1.59745905501902e-34 0.570599329083946 0.975 0.635 2.76679908329295e-30 "5" "MCM2"
5.42880475322491e-34 0.717919555139377 1 0.742 9.40268983258555e-30 "5" "MCM4"
9.34801098755606e-32 0.626881257538172 1 0.589 1.61907550304471e-27 "5" "FEN1"
9.57126033892883e-32 0.590054806272198 0.988 0.465 1.65774229070247e-27 "5" "UHRF1"
1.96393731693593e-31 0.276654673771192 0.725 0.181 3.40153943293303e-27 "5" "ORC1"
2.5146897503727e-31 0.552383486892051 1 0.914 4.35544264764552e-27 "5" "MCM7"
2.08554941230179e-30 0.298987329710566 0.812 0.24 3.61217158210669e-26 "5" "SLC43A3"
5.45349787664069e-30 0.601723952658199 1 0.812 9.44545832234167e-26 "5" "MCM3"
5.30149056568855e-28 0.348634025663987 0.775 0.245 9.18218165977257e-24 "5" "PAQR4"
6.97427030451991e-28 0.387536627713229 0.8 0.222 1.20794361674285e-23 "5" "ASF1B"
3.59074737325065e-26 0.345397783649438 1 0.998 6.21917445047012e-22 "5" "RANBP1"
6.09391906216192e-26 0.562168339313146 1 0.918 1.05546678156644e-21 "5" "PCNA"
6.49503770228361e-25 0.487914399907552 0.975 0.479 1.12494053003552e-20 "5" "RFC3"
9.2652632265395e-25 0.33484748936981 0.812 0.285 1.60474359083664e-20 "5" "CDC45"
9.59847740468674e-24 0.537962402802948 0.963 0.639 1.66245628649174e-19 "5" "CLSPN"
1.32715733397268e-23 0.349017993298977 0.725 0.248 2.29863650244069e-19 "5" "DTL"
3.06622043596693e-23 0.407815247059309 0.988 0.852 5.31069379509472e-19 "5" "MSH6"
5.77436253430643e-23 0.396431164267317 1 0.908 1.00011959094187e-18 "5" "DCTPP1"
2.84782073846719e-22 0.472532274368998 0.938 0.577 4.93242551902517e-18 "5" "RFC5"
3.92884021274169e-22 0.408218038544973 0.975 0.861 6.8047512484686e-18 "5" "UNG"
5.41720389897487e-22 0.395687129318136 0.988 0.633 9.38259715302447e-18 "5" "NR2C2AP"
7.70999599101066e-22 0.347197191582657 0.938 0.433 1.33537130564305e-17 "5" "WDR76"
1.09508540406824e-21 0.360513546111583 1 0.929 1.89668791984619e-17 "5" "YEATS4"
1.12408703991488e-21 0.285406419773558 1 1 1.94691875313258e-17 "5" "PRKDC"
1.85602339700067e-21 0.425675602524427 0.912 0.533 3.21463252360516e-17 "5" "CHAF1A"
2.10142589648379e-21 0.289409969390496 1 0.997 3.63966965270992e-17 "5" "FDPS"
4.41514764949579e-21 0.470289548992953 0.963 0.742 7.6470357289267e-17 "5" "HELLS"
7.42274842389575e-21 0.469565272295635 0.938 0.58 1.28562002701874e-16 "5" "CDC6"
1.02083445522702e-20 0.381295373326525 1 0.964 1.76808527645319e-16 "5" "MANF"
1.25277162742258e-20 0.396190156959192 1 0.994 2.16980045869591e-16 "5" "DUT"
1.41315899023069e-20 0.291749245051028 1 0.954 2.44759137107956e-16 "5" "NUDT5"
1.62247772346621e-20 0.452785723154281 1 0.754 2.81013141704347e-16 "5" "TMEM106C"
2.6891033985145e-20 0.30268257334238 1 0.963 4.65752708622711e-16 "5" "RPA2"
3.92683108897842e-20 0.332919966035527 0.738 0.249 6.80127144611063e-16 "5" "MCM10"
4.21497096255217e-20 0.277324464679801 0.838 0.328 7.30032970714036e-16 "5" "TEDC2"
4.74422756723337e-20 0.317717085036491 0.975 0.707 8.2170021464482e-16 "5" "BLCAP"
5.25784259749811e-20 0.440436450471841 1 0.918 9.10658337886673e-16 "5" "RNASEH2A"
5.67574521859394e-20 0.355650906261267 1 0.811 9.83039071860471e-16 "5" "TMEM97"
5.93560410251755e-20 0.350581752989328 0.975 0.606 1.02804663055604e-15 "5" "POLD1"
1.27050706281341e-19 0.494101649644131 1 0.75 2.20051823279283e-15 "5" "CENPU"
2.05247505659313e-19 0.549914755975177 0.988 0.827 3.5548867980193e-15 "5" "CENPX"
4.3742509230624e-19 0.299268921500319 0.688 0.273 7.57620259874408e-15 "5" "SLC29A1"
1.16751313056992e-18 0.328218458037489 0.963 0.569 2.0221327421471e-14 "5" "CHEK1"
1.89285063737096e-18 0.414160432043909 0.988 0.668 3.2784173039265e-14 "5" "DHFR"
2.16380030307301e-18 0.318667132764456 0.9 0.525 3.74770212492246e-14 "5" "RAD9A"
3.72209620514648e-18 0.352839891308855 0.925 0.446 6.4466706273137e-14 "5" "BRCA1"
3.72405320699235e-18 0.280835448023006 1 0.986 6.45006015451075e-14 "5" "NOLC1"
3.82344083715894e-18 0.316414959266497 0.85 0.415 6.62219952995928e-14 "5" "SVIP"
5.32265442736263e-18 0.379544145958056 1 0.866 9.21883746819208e-14 "5" "GMNN"
5.71890422593208e-18 0.339573876341946 0.988 0.866 9.90514211931435e-14 "5" "MTHFD1"
7.26461626580923e-18 0.308104437073929 0.925 0.459 1.25823153723816e-13 "5" "TEX30"
1.04447551538679e-17 0.280580869988274 1 0.997 1.80903159264992e-13 "5" "DEK"
1.18494397738834e-17 0.300906049067116 0.887 0.439 2.0523229688366e-13 "5" "DDX11"
1.66500345798439e-17 0.377033758608797 0.988 0.746 2.88378598922897e-13 "5" "TUBG1"
1.80960380395864e-17 0.357195019812597 1 0.858 3.13423378845637e-13 "5" "RFC2"
3.51752557603785e-17 0.338178203831909 0.863 0.41 6.09235429769756e-13 "5" "BRCA2"
4.44620068717711e-17 0.343180510274428 1 1 7.70081959019076e-13 "5" "TUBA1B"
5.22194686472476e-17 0.322102162935162 0.988 0.888 9.04441196970328e-13 "5" "HAUS1"
5.29237388984743e-17 0.325867504889724 0.95 0.506 9.16639157721575e-13 "5" "ORC6"
9.27112112803843e-17 0.319882048934282 1 0.973 1.60575817937626e-12 "5" "DNMT1"
1.16782707700167e-16 0.292247228705323 0.988 0.862 2.02267649736689e-12 "5" "C3orf14"
1.28993688770672e-16 0.287133484195268 0.738 0.354 2.23417068950804e-12 "5" "RAD51D"
1.49873613716304e-16 0.306313124744231 0.988 0.682 2.59581098956639e-12 "5" "IDH2"
2.02199520285712e-16 0.331055002705753 0.863 0.557 3.50209569134853e-12 "5" "NGFR"
2.38497377384676e-16 0.544119934301446 0.975 0.716 4.13077457630259e-12 "5" "TK1"
2.55589680597053e-16 0.304232696029635 0.95 0.608 4.42681326794095e-12 "5" "CDK2"
3.00252782057851e-16 0.351319413188504 0.975 0.736 5.20037818524198e-12 "5" "MCM6"
3.59844880409946e-16 0.283923181773052 1 0.991 6.23251332870027e-12 "5" "NUDT1"
5.89334854005738e-16 0.308102940857304 0.988 0.852 1.02072796713794e-11 "5" "EGFL7"
7.18942617321544e-16 0.344584706772388 0.95 0.693 1.24520861320091e-11 "5" "RFC4"
7.98788589454682e-16 0.336831222029118 0.912 0.458 1.38350183693551e-11 "5" "CENPK"
8.65113328036507e-16 0.285047953399833 1 0.884 1.49837628415923e-11 "5" "CDCA7L"
1.16506467787765e-15 0.310424074629899 0.9 0.561 2.01789202208409e-11 "5" "KHK"
1.34943657169544e-15 0.285528386095049 1 0.987 2.3372241421765e-11 "5" "PSMC3"
2.49627548242215e-15 0.326746671446904 0.738 0.354 4.32354913555516e-11 "5" "CDCA7"
2.55203239828062e-15 0.283498667606008 0.988 0.837 4.42012011382203e-11 "5" "NTHL1"
4.17696169268056e-15 0.334730507401278 1 0.652 7.23449765172273e-11 "5" "ZWINT"
7.53600148443276e-15 0.290400899809491 0.988 0.81 1.30523545710375e-10 "5" "THAP7"
1.36051688198579e-14 0.297431671353187 1 0.885 2.35641523959939e-10 "5" "WDR34"
1.57959106082609e-14 0.280777979084444 0.825 0.468 2.73585171735079e-10 "5" "FANCG"
2.09886167469293e-14 0.355157645130208 1 0.996 3.63522842056815e-10 "5" "PCLAF"
2.13163112437161e-14 0.289140747230593 1 0.916 3.69198510741164e-10 "5" "ATAD2"
2.25330079866723e-14 0.323215471190756 0.963 0.785 3.90271698329164e-10 "5" "PRIM1"
3.2674958959183e-14 0.321228085227586 0.988 0.7 5.65930289173049e-10 "5" "TYMS"
5.84060888463552e-14 0.278412263389293 0.938 0.511 1.01159345881887e-09 "5" "DSN1"
6.98961314978813e-14 0.295658594543191 0.912 0.542 1.2106009975433e-09 "5" "LIG1"
1.12511262927414e-13 0.340598718309827 0.938 0.561 1.94869507390281e-09 "5" "RAD51AP1"
2.87230796545463e-13 0.342929552494986 0.938 0.601 4.97483739616743e-09 "5" "TIMELESS"
3.02183998723791e-13 0.29699495134468 0.963 0.715 5.23382685789605e-09 "5" "TMEM107"
4.1799334891251e-13 0.285841457787926 0.988 0.815 7.23964480316467e-09 "5" "CYB5A"
1.52140108825608e-12 0.278266057398724 0.912 0.756 2.63506668485953e-08 "5" "RAB5IF"
9.18254494501046e-11 0.400155416673081 1 0.973 1.59041678447581e-06 "5" "CD69"
2.33720763220337e-10 0.283341883662956 0.662 0.408 4.04804361897623e-06 "5" "LY6H"
3.62555649128006e-10 0.277629774866936 0.787 0.489 6.27946384289706e-06 "5" "SLC5A6"
4.20426703341084e-10 0.441808810453142 0.95 0.91 7.28179050186757e-06 "5" "IFI27"
3.8997672562589e-08 0.28372287400541 0.85 0.658 0.000675439688784041 "5" "SDF2L1"
