"p_val" "avg_log2FC" "pct.1" "pct.2" "p_val_adj" "cluster" "gene"
4.69977695146918e-161 1.63408795521985 1 0.386 4.69977695146918e-157 "0" "MUC6"
2.81433168510815e-158 1.68583944798713 1 0.44 2.81433168510815e-154 "0" "GABPB1-AS1"
1.3155533797292e-157 2.17937454276278 1 0.683 1.3155533797292e-153 "0" "HAP1"
8.32275176730778e-157 1.92266992547327 1 0.517 8.32275176730778e-153 "0" "ARC"
2.0255782578585e-156 1.31643824229986 1 0.497 2.0255782578585e-152 "0" "LSAMP"
3.8989105179519e-154 1.19292341248065 1 0.576 3.8989105179519e-150 "0" "L1CAM"
1.56192507228382e-153 1.42173974195005 1 0.602 1.56192507228382e-149 "0" "DAPK2"
2.19200588645697e-151 1.93989023220344 1 0.983 2.19200588645697e-147 "0" "ATP1A1"
7.16876095339113e-151 1.48179477942662 1 0.507 7.16876095339113e-147 "0" "RBFOX1"
1.37704249430941e-150 1.26718289717009 1 0.433 1.37704249430941e-146 "0" "GNAO1"
2.1438175794236e-150 1.81600332593322 1 0.743 2.1438175794236e-146 "0" "BDP1"
5.78818116594472e-150 1.35437397180715 1 0.884 5.78818116594472e-146 "0" "SORL1"
6.86012694088424e-150 1.52455715893462 1 0.762 6.86012694088424e-146 "0" "IRS2"
7.00101030099968e-150 1.47839100193397 1 0.512 7.00101030099968e-146 "0" "RAB3B"
1.88240301418519e-149 1.56449962018059 1 0.554 1.88240301418519e-145 "0" "SLC26A2"
3.43846934872783e-149 1.33641010116413 1 0.512 3.43846934872783e-145 "0" "TBR1"
1.48880733116859e-148 1.89956410879319 1 0.451 1.48880733116859e-144 "0" "MEG3"
1.61656239040182e-148 1.31016803977475 0.995 0.411 1.61656239040182e-144 "0" "DUSP2"
3.6278490021267e-148 2.12896702126001 1 0.592 3.6278490021267e-144 "0" "IER3"
3.88340274483443e-148 1.35277198017172 1 0.7 3.88340274483443e-144 "0" "AKAP9"
6.66398906537912e-148 1.31833438884995 1 0.592 6.66398906537912e-144 "0" "TARSL2"
2.27761859562865e-147 1.34597812408387 0.998 0.383 2.27761859562865e-143 "0" "CHGA"
3.30586288585923e-147 1.22156634507729 1 0.386 3.30586288585923e-143 "0" "SNHG14"
5.33500927407861e-146 1.29217792369638 1 0.549 5.33500927407861e-142 "0" "RTN1"
1.75870148903328e-145 1.29512757239629 1 0.555 1.75870148903328e-141 "0" "SOX9"
4.04757309463419e-145 1.51994311479866 1 0.594 4.04757309463419e-141 "0" "ODF2L"
5.49587546789046e-145 2.88657342422978 1 0.965 5.49587546789046e-141 "0" "IGFBP2"
5.15803671645016e-144 1.88134159690943 1 0.555 5.15803671645016e-140 "0" "PCSK1N"
1.12646871665786e-143 1.66304629820984 1 0.398 1.12646871665786e-139 "0" "XIST"
7.23736329364974e-143 2.08462481980009 1 0.597 7.23736329364974e-139 "0" "NEAT1"
1.50102276443594e-142 1.63778273471932 1 0.545 1.50102276443594e-138 "0" "CCDC171"
1.61820109942485e-142 1.28300548252078 1 0.597 1.61820109942485e-138 "0" "DCX"
5.16406205331801e-142 1.39759010234508 1 0.56 5.16406205331801e-138 "0" "SIM2"
7.14519095030565e-141 1.41593862525615 1 0.646 7.14519095030565e-137 "0" "MYC"
9.62967524913529e-141 1.52814256575877 1 0.589 9.62967524913529e-137 "0" "WASF1"
2.57099273363635e-140 1.32587938329178 1 0.381 2.57099273363635e-136 "0" "PCDH17"
4.3156737500805e-140 2.27559205263297 1 0.888 4.3156737500805e-136 "0" "SCG2"
1.27064642252775e-138 1.95101012172442 1 0.842 1.27064642252775e-134 "0" "PEG3"
2.26732138457645e-138 1.20514627373619 1 0.884 2.26732138457645e-134 "0" "TSC22D1"
2.12203915202023e-137 2.84693941807849 1 1 2.12203915202023e-133 "0" "MALAT1"
2.39180677666473e-137 1.34958190134976 1 0.725 2.39180677666473e-133 "0" "SLC38A1"
2.19772207514988e-136 1.50162137190365 1 0.634 2.19772207514988e-132 "0" "KCNE3"
3.51785440854293e-136 1.70683752896675 1 0.56 3.51785440854293e-132 "0" "PPP1R1A"
1.27089477036496e-135 2.06751175028174 1 0.802 1.27089477036496e-131 "0" "CD99"
1.53095565791597e-135 1.31539302430318 1 0.5 1.53095565791597e-131 "0" "HMCN1"
1.30027722919609e-134 1.2314470364938 1 0.418 1.30027722919609e-130 "0" "BEX2"
3.38756325219307e-134 1.59179010731403 0.998 0.596 3.38756325219307e-130 "0" "ECRG4"
2.01359158509216e-133 1.37377847464554 1 0.674 2.01359158509216e-129 "0" "PRKCB"
1.77684576273697e-132 1.29103395276437 1 0.592 1.77684576273697e-128 "0" "SOCS3"
5.8262979494773e-132 1.70720469810684 1 0.936 5.8262979494773e-128 "0" "CAMK2N1"
7.1060217315644e-132 1.27306454204682 1 0.552 7.1060217315644e-128 "0" "SOX11"
5.05434586709543e-130 1.85879605270666 1 0.775 5.05434586709543e-126 "0" "PNOC"
2.96027817245838e-129 1.54989589320675 1 0.636 2.96027817245838e-125 "0" "KDSR"
5.37823698388796e-129 1.4581150527352 1 0.611 5.37823698388796e-125 "0" "EEF1A2"
1.13902992146947e-128 2.44555525635216 1 0.992 1.13902992146947e-124 "0" "MT-ND4"
1.24968938833994e-128 2.01132053107041 1 0.919 1.24968938833994e-124 "0" "MT-ND2"
3.83981441638352e-128 1.63263909549555 1 0.636 3.83981441638351e-124 "0" "C20orf204"
9.22923098438609e-125 1.44765721551882 1 0.609 9.22923098438609e-121 "0" "LHX9"
7.48664690291081e-124 1.24359028397007 1 0.639 7.48664690291081e-120 "0" "TCF4"
1.92382154491026e-123 1.18875355135104 1 0.656 1.92382154491026e-119 "0" "CRMP1"
1.46954903324382e-122 1.50084996916074 1 0.502 1.46954903324382e-118 "0" "RARRES2"
1.63912248710052e-121 1.4789396545891 1 0.921 1.63912248710052e-117 "0" "TLE5"
2.89917956849998e-121 2.17491196235318 1 0.951 2.89917956849998e-117 "0" "MT-ND1"
9.59184711052402e-120 1.19792138576552 0.998 0.814 9.59184711052402e-116 "0" "DUSP1"
1.17754365840369e-119 1.18835675158911 0.99 0.435 1.17754365840369e-115 "0" "UTS2"
1.75761930010618e-119 1.51985888108954 1 0.777 1.75761930010618e-115 "0" "EGR1"
1.0521781806401e-118 1.50008975886549 0.998 0.592 1.0521781806401e-114 "0" "GRP"
9.37252365454889e-118 1.61823015555203 1 0.611 9.37252365454889e-114 "0" "MFAP4"
1.63201666698556e-117 1.19816945650718 1 0.621 1.63201666698556e-113 "0" "GUK1"
5.75542697376404e-117 1.77733386137412 1 0.829 5.75542697376404e-113 "0" "STMN2"
6.15609867887483e-117 1.61164329752997 1 0.867 6.15609867887483e-113 "0" "HSPH1"
9.91438249727037e-116 1.50660670888251 1 0.671 9.91438249727037e-112 "0" "IER2"
3.94129234524551e-115 1.42008984892866 1 0.983 3.94129234524551e-111 "0" "SLC38A2"
1.2665364053917e-114 1.30107236246148 1 0.482 1.2665364053917e-110 "0" "PCDH10"
7.84236390216519e-114 1.57721528762949 1 0.686 7.84236390216519e-110 "0" "MT-ND5"
1.87132233105361e-113 2.29242916634613 1 0.951 1.87132233105361e-109 "0" "MT-CO2"
4.61217901108802e-113 1.25674770364546 1 0.629 4.61217901108802e-109 "0" "ITM2C"
3.28082729343033e-112 2.27337323232871 1 0.997 3.28082729343033e-108 "0" "MT-CO1"
6.65221860487026e-110 1.61011032163835 1 0.82 6.65221860487026e-106 "0" "MMP9"
1.08455925165765e-108 1.20070361445082 1 0.51 1.08455925165765e-104 "0" "POU3F1"
6.86294246235036e-108 2.11651208025752 1 0.99 6.86294246235036e-104 "0" "MT-ATP6"
1.11049455333775e-107 1.92352202817778 1 0.94 1.11049455333775e-103 "0" "MT-ND3"
2.97254413095716e-107 1.87071106298735 1 0.784 2.97254413095716e-103 "0" "CARTPT"
2.57779708817811e-106 1.39152512128491 1 0.76 2.57779708817811e-102 "0" "HDAC9"
3.25974059327418e-106 2.11648135364637 1 1 3.25974059327418e-102 "0" "MT-CO3"
3.80546860402152e-104 1.38911489098441 1 0.767 3.80546860402152e-100 "0" "BEX1"
4.11426164065689e-104 1.97911232055492 1 0.733 4.11426164065689e-100 "0" "NMB"
4.74789849576471e-104 1.21274630768916 1 0.72 4.74789849576471e-100 "0" "TNC"
1.67127348757064e-103 1.8957143304935 1 0.985 1.67127348757064e-99 "0" "ITM2A"
1.40720846291564e-102 1.42477043645746 1 0.735 1.40720846291564e-98 "0" "SYCP1"
3.11515683575131e-102 1.26265734932631 1 0.82 3.11515683575131e-98 "0" "MARCKSL1"
1.6096608252151e-100 1.65984447540077 1 0.893 1.6096608252151e-96 "0" "TUBB2B"
9.64310742444232e-99 1.61043474183944 1 0.923 9.64310742444232e-95 "0" "MT-CYB"
1.60392975923378e-96 1.42309970274357 1 0.812 1.60392975923378e-92 "0" "DBI"
3.25312401439616e-95 1.28672810035684 1 0.7 3.25312401439616e-91 "0" "GAS5"
7.01404524647384e-90 1.36608148805652 1 1 7.01404524647384e-86 "0" "TUBA1A"
2.92897299080872e-88 1.40817008080462 1 0.867 2.92897299080872e-84 "0" "CCND1"
7.0774717050547e-87 1.35638356510552 1 0.906 7.0774717050547e-83 "0" "CAV1"
1.18783721662111e-72 1.22217950088031 1 0.916 1.18783721662111e-68 "0" "FABP7"
8.81939835688951e-69 1.22779935170086 1 1 8.81939835688951e-65 "0" "RPS15A"
4.5958483328954e-147 2.81230688480781 1 0.142 4.5958483328954e-143 "1" "CD3G"
1.11069358891373e-136 1.28483351123887 0.995 0.126 1.11069358891373e-132 "1" "TRBC2"
4.76918287717961e-135 1.38278147209902 1 0.141 4.76918287717961e-131 "1" "TRBC1"
5.07630321084076e-115 2.60814223635781 1 0.236 5.07630321084076e-111 "1" "LTB"
1.40457347999664e-112 2.44476601038808 1 0.287 1.40457347999664e-108 "1" "ITGB7"
4.37122344127345e-103 1.04841292964568 0.995 0.338 4.37122344127345e-99 "1" "PXDC1"
2.35237297809833e-100 2.0439980050452 1 1 2.35237297809833e-96 "1" "TPT1"
2.27248980778068e-99 1.60420947521277 1 1 2.27248980778068e-95 "1" "RPS24"
2.69528505283121e-98 1.26578590040224 1 0.199 2.69528505283121e-94 "1" "SKAP1"
3.58854743383049e-94 3.10020506847237 1 0.578 3.58854743383049e-90 "1" "S100A4"
2.83323017883657e-93 2.00007270531437 1 1 2.83323017883657e-89 "1" "FAU"
1.47903364245007e-92 1.97192205467788 1 0.992 1.47903364245007e-88 "1" "ITM2B"
2.68240005557243e-90 1.7517920138203 1 0.967 2.68240005557243e-86 "1" "SUGT1"
3.89968133856564e-90 1.31566297717169 1 0.898 3.89968133856564e-86 "1" "UHRF2"
8.31995344221369e-90 1.42470063084445 1 0.836 8.31995344221369e-86 "1" "NHSL2"
3.92018409718296e-89 2.28846630286679 1 0.999 3.92018409718296e-85 "1" "LGALS3"
8.96930838509519e-89 1.59115853320362 1 1 8.96930838509519e-85 "1" "RPL30"
1.10916403736432e-88 0.978356959853095 1 0.476 1.10916403736432e-84 "1" "GMFG"
2.26337293891045e-88 2.11793748117573 1 1 2.26337293891045e-84 "1" "UBA52"
2.9833254855031e-88 1.29762583639918 1 0.731 2.9833254855031e-84 "1" "RARG"
5.70273973369565e-88 1.1277244059225 1 0.848 5.70273973369565e-84 "1" "ELF1"
1.20286893371589e-87 1.51538450477304 1 0.885 1.20286893371589e-83 "1" "ACTN2"
1.40084294846418e-87 1.49340752151193 1 1 1.40084294846418e-83 "1" "RPL19"
6.31950213927194e-87 1.26314136996128 1 0.984 6.31950213927194e-83 "1" "TOP2B"
6.35557357667067e-87 2.43751785965438 1 0.985 6.35557357667067e-83 "1" "S100A10"
9.78026761218659e-87 2.85956322426134 1 0.912 9.78026761218659e-83 "1" "S100A6"
2.15803022530736e-86 2.02047635873828 1 0.987 2.15803022530736e-82 "1" "EMP3"
2.00436270979359e-85 1.36024041695859 1 0.651 2.00436270979359e-81 "1" "RCBTB2"
2.5341387590771e-84 0.964334798055932 1 0.935 2.5341387590771e-80 "1" "SPTSSA"
9.48201432484052e-84 1.21373388453522 1 0.975 9.48201432484052e-80 "1" "MYCBP2"
2.73991457939323e-83 1.24690300498114 1 0.887 2.73991457939323e-79 "1" "DNAJC3"
3.80438061385527e-83 1.37057675679558 1 0.319 3.80438061385527e-79 "1" "LCP1"
3.37654671542207e-82 1.57397684597211 1 1 3.37654671542207e-78 "1" "PPP1R14B"
3.70997537811954e-82 2.36849635352872 1 0.707 3.70997537811954e-78 "1" "ZNF90"
5.89750907798927e-82 1.4655103337982 1 0.972 5.89750907798927e-78 "1" "PSENEN"
6.11258396435765e-82 1.56098353278713 1 0.674 6.11258396435764e-78 "1" "UQCRHL"
1.4998476147665e-81 1.44335311217006 1 1 1.4998476147665e-77 "1" "RPS11"
1.81529159893518e-81 1.09161075775675 1 0.853 1.81529159893518e-77 "1" "SEPTIN1"
3.07138396346874e-81 1.46590376593535 1 1 3.07138396346874e-77 "1" "RPS5"
1.5187501110479e-80 2.14270008055658 1 0.781 1.5187501110479e-76 "1" "AHNAK"
4.85298117740874e-80 1.00796654861953 1 0.743 4.85298117740874e-76 "1" "SERPINB1"
1.8861130623611e-79 1.58101750690394 1 0.539 1.8861130623611e-75 "1" "ETS1"
4.62976449795227e-79 1.03341112036666 1 0.568 4.62976449795227e-75 "1" "S100A13"
1.15005938858892e-78 1.31160553743854 1 0.479 1.15005938858892e-74 "1" "S100A11"
1.16774273769864e-77 1.16438308930655 1 0.985 1.16774273769864e-73 "1" "ARF4"
2.77360491988732e-77 1.82004321668645 1 0.964 2.77360491988732e-73 "1" "MBNL1"
3.93495932886752e-77 1.55431341750423 1 0.888 3.93495932886752e-73 "1" "MBD2"
5.28618860096487e-77 1.55119777522138 1 0.981 5.28618860096487e-73 "1" "PSME1"
2.4171172147035e-76 1.49297493086497 1 1 2.4171172147035e-72 "1" "TMSB4X"
6.79040098013601e-76 2.14481988157472 1 0.955 6.79040098013601e-72 "1" "REXO2"
1.10239254438076e-75 1.2067151116846 1 0.724 1.10239254438076e-71 "1" "SH3KBP1"
3.30678194395715e-75 2.40196850356862 1 1 3.30678194395715e-71 "1" "LGALS1"
5.58855160063294e-75 1.62460597451587 1 0.989 5.58855160063294e-71 "1" "BTG1"
9.43959192004443e-75 1.45862267395985 1 1 9.43959192004443e-71 "1" "RPL27A"
1.11634131785964e-74 1.08889947792221 1 1 1.11634131785964e-70 "1" "EIF1"
1.46121069070476e-74 1.38597946408617 1 0.998 1.46121069070476e-70 "1" "NDUFA6"
4.61732601560495e-74 1.22292873586488 1 0.994 4.61732601560495e-70 "1" "NCOR1"
1.09023226410845e-73 1.19927916851917 1 1 1.09023226410845e-69 "1" "CFL1"
1.38949907376662e-73 1.03749325857174 1 0.953 1.38949907376662e-69 "1" "HECTD1"
2.49197149345812e-73 1.15346477860581 1 1 2.49197149345812e-69 "1" "DNAJA1"
4.25094676584825e-73 1.68696212750453 1 0.684 4.25094676584825e-69 "1" "MTRNR2L10"
4.95492997699419e-73 1.17182181318508 1 0.887 4.95492997699419e-69 "1" "RAPGEF6"
8.50848959723757e-73 1.56080095490673 1 0.604 8.50848959723757e-69 "1" "MAF"
1.00955436747358e-72 1.11007582160086 1 0.928 1.00955436747358e-68 "1" "WAPL"
7.43469276420637e-72 1.20918948198895 1 0.994 7.43469276420637e-68 "1" "RBM39"
1.69080359766484e-71 1.95773540795548 1 0.964 1.69080359766484e-67 "1" "PSME2"
9.38198956725066e-71 1.22309430994148 1 0.95 9.38198956725066e-67 "1" "NIPBL"
1.00147587486734e-70 1.53784213560328 1 1 1.00147587486734e-66 "1" "RPL8"
1.0946384592004e-70 1.09615057386335 1 1 1.0946384592004e-66 "1" "RPL17"
8.96467951055851e-70 1.4881537796094 1 0.999 8.96467951055851e-66 "1" "EIF3H"
1.49645759038459e-69 1.62028979797778 1 0.959 1.49645759038459e-65 "1" "MYH9"
6.17055539558141e-68 1.2409467282128 1 1 6.17055539558141e-64 "1" "SUB1"
7.9749403441928e-68 0.999774062435546 1 1 7.9749403441928e-64 "1" "RPL27"
1.30292568736287e-67 1.32103910382017 1 0.865 1.30292568736287e-63 "1" "RORA"
1.54604486723974e-67 1.3511357202172 1 0.992 1.54604486723974e-63 "1" "MSN"
6.78644904701805e-67 1.74374240623272 1 0.953 6.78644904701805e-63 "1" "CAPG"
4.49127778188423e-65 1.47449919191888 1 1 4.49127778188423e-61 "1" "RPL23"
8.8766306782798e-65 1.08406169054536 1 1 8.8766306782798e-61 "1" "NME2"
6.80697832381562e-64 1.01004129262772 1 0.972 6.80697832381562e-60 "1" "LMO4"
2.95901580597537e-63 1.63541081933918 1 0.907 2.95901580597537e-59 "1" "NBEAL1"
9.15160331627803e-63 1.08906208247479 1 0.427 9.15160331627803e-59 "1" "MTRNR2L6"
9.91392477914195e-63 1.69513637000645 1 0.593 9.91392477914196e-59 "1" "CORO1A"
3.97901310243117e-62 1.29686447847738 1 0.817 3.97901310243117e-58 "1" "ZFP36L2"
1.10643518388298e-61 1.45780340230829 1 0.423 1.10643518388298e-57 "1" "AL136454.1"
1.69414437894864e-59 1.05500097335982 1 0.998 1.69414437894864e-55 "1" "RAP1B"
4.99894866671078e-57 1.18040849385331 1 0.956 4.99894866671078e-53 "1" "NFKBIA"
1.30446245640638e-56 1.01055839127769 1 0.956 1.30446245640638e-52 "1" "ROCK1"
1.62870193065317e-55 1.12870999320866 1 0.984 1.62870193065317e-51 "1" "DDX3X"
9.99796013034755e-55 1.55982503192096 1 1 9.99796013034755e-51 "1" "UBB"
2.7248782267092e-54 1.25211344611226 1 0.985 2.7248782267092e-50 "1" "JUNB"
5.48365421505711e-54 1.14954058383378 1 1 5.48365421505711e-50 "1" "SERF2"
7.53771059473302e-54 1.03558874506634 1 0.988 7.53771059473302e-50 "1" "SCAND1"
1.87196018622394e-53 1.09832023843437 1 0.99 1.87196018622394e-49 "1" "ACTR3"
1.75512244945167e-52 1.52101916345287 1 1 1.75512244945167e-48 "1" "PFN1"
7.58310781553865e-52 1.35390652548994 1 1 7.58310781553865e-48 "1" "ACTB"
2.19901089043584e-51 1.13779964436537 1 0.95 2.19901089043584e-47 "1" "TLN1"
5.35945636482303e-50 0.94345994439762 1 0.966 5.35945636482303e-46 "1" "HSPA5"
8.93456187560275e-50 1.45379058163746 1 1 8.93456187560275e-46 "1" "RPS20"
5.23654886327154e-49 1.04550378903878 1 0.998 5.23654886327154e-45 "1" "HNRNPF"
7.10228676354938e-49 1.20005381377376 1 0.733 7.10228676354938e-45 "1" "PSMB8"
1.54638571689989e-48 0.524108726996947 0.706 0.176 1.54638571689989e-44 "2" "HBA1"
9.86408479790677e-36 0.425856796508056 0.229 0.008 9.86408479790677e-32 "2" "ALAS2"
5.13372719401983e-33 0.63379043691153 1 0.868 5.13372719401983e-29 "2" "SLBP"
2.15137196261391e-29 1.02712682363735 1 1 2.15137196261391e-25 "2" "RPL41"
2.90767043324903e-27 0.719032849283961 1 0.609 2.90767043324903e-23 "2" "NDUFA5"
2.13801079014577e-26 0.930701463033254 1 1 2.13801079014577e-22 "2" "RPL39"
1.20661463579427e-21 0.251007369209618 0.853 0.535 1.20661463579427e-17 "2" "CENPQ"
2.81610233184523e-21 0.258891743999258 0.917 0.749 2.81610233184522e-17 "2" "EXOSC5"
4.93594069665177e-21 0.960488959673524 1 0.999 4.93594069665177e-17 "2" "RPL29"
5.77990892712691e-21 0.934793727002022 0.541 0.187 5.77990892712691e-17 "2" "HBD"
1.77363768894282e-20 0.631225209951064 1 0.839 1.77363768894282e-16 "2" "ATP5PO"
2.47351051363423e-19 0.378021518946124 0.945 0.557 2.47351051363423e-15 "2" "MAPKAPK5-AS1"
2.50920561599855e-19 0.277888660868912 0.982 0.676 2.50920561599855e-15 "2" "BCAS2"
5.11407934824812e-19 0.276445044508804 0.917 0.64 5.11407934824812e-15 "2" "PAK1IP1"
1.69020559805197e-18 0.389736190766209 0.972 0.979 1.69020559805197e-14 "2" "CACYBP"
2.91994301042389e-18 0.269666938296904 0.844 0.599 2.91994301042388e-14 "2" "C12orf29"
2.17086897159557e-17 0.94794763829447 1 1 2.17086897159557e-13 "2" "RPS15A"
3.31425219591733e-17 0.289274576273605 0.945 0.654 3.31425219591733e-13 "2" "MED4"
4.50476968061295e-17 0.360866972016379 0.991 0.776 4.50476968061295e-13 "2" "HRAS"
4.84413256762812e-17 0.378657156030917 0.963 0.7 4.84413256762812e-13 "2" "SCOC"
7.4542808265357e-17 0.725144990147258 1 1 7.4542808265357e-13 "2" "RPS2"
9.30826617639878e-16 0.252358205618327 0.798 0.63 9.30826617639878e-12 "2" "RMND1"
1.97789964051924e-15 1.02600311009923 1 1 1.97789964051924e-11 "2" "HSP90AA1"
2.77691113162819e-15 0.28187615691669 0.835 0.752 2.77691113162819e-11 "2" "OSER1"
1.024253653035e-14 0.332150256661939 0.853 0.591 1.024253653035e-10 "2" "SNHG12"
2.98331560435041e-14 0.529850618339081 0.991 0.65 2.98331560435041e-10 "2" "ATF5"
1.56933289772608e-13 0.444978309382144 1 0.785 1.56933289772608e-09 "2" "COX7B"
2.5653579765938e-13 0.376450498116651 1 0.765 2.5653579765938e-09 "2" "COX14"
2.64163642450913e-13 0.83305214666322 1 0.924 2.64163642450913e-09 "2" "CIRBP"
7.47723937982821e-13 0.346316213252374 0.954 0.702 7.47723937982821e-09 "2" "FAM207A"
1.41425934094839e-12 0.47442021074469 1 0.658 1.41425934094839e-08 "2" "TCEAL2"
1.89091408182412e-12 0.266263345074463 1 0.68 1.89091408182413e-08 "2" "CFAP97"
3.03340108319336e-12 1.06210285683608 1 0.802 3.03340108319336e-08 "2" "GAS5"
3.64998940507351e-12 0.543623197093573 1 0.967 3.64998940507351e-08 "2" "SKP1"
7.55158791629435e-12 0.25295046065681 1 0.99 7.55158791629435e-08 "2" "ARPP19"
2.53163580849008e-11 0.302046319012036 0.936 0.666 2.53163580849008e-07 "2" "SRM"
3.01657683464909e-11 0.311429797538734 0.954 0.771 3.01657683464909e-07 "2" "RNMT"
4.10489014908165e-11 0.54861995781166 1 0.748 4.10489014908165e-07 "2" "RBP1"
4.73266979036455e-11 0.250636261889159 0.927 0.857 4.73266979036455e-07 "2" "COPS3"
5.98407766510799e-11 0.34330619027208 0.954 0.639 5.98407766510799e-07 "2" "LIN7A"
8.45043320354678e-11 0.269690845790266 1 0.942 8.45043320354678e-07 "2" "PCNP"
1.22748388752165e-10 0.573913082800869 0.945 0.617 1.22748388752165e-06 "2" "RSL1D1"
1.27747362565496e-10 0.272038098899206 0.982 0.948 1.27747362565496e-06 "2" "KIF2A"
2.40506983755777e-10 0.450422321357669 0.927 0.704 2.40506983755777e-06 "2" "GADD45A"
4.09727246986445e-10 0.358614736886764 1 1 4.09727246986445e-06 "2" "FTL"
4.77886686006471e-10 0.281382800613835 0.982 0.947 4.77886686006471e-06 "2" "PSMA1"
7.58210449038032e-10 0.426146182854491 1 0.672 7.58210449038032e-06 "2" "ATP5MPL"
8.79465077081067e-10 0.307718977150199 0.982 0.662 8.79465077081067e-06 "2" "NT5DC1"
3.74742512262521e-09 0.348064613422172 0.991 0.669 3.74742512262522e-05 "2" "NDUFA1"
7.76984437456197e-09 0.29962267989556 0.908 0.883 7.76984437456197e-05 "2" "DDIT3"
8.26448637030178e-09 0.400936196648135 1 0.663 8.26448637030178e-05 "2" "NDUFB3"
1.07720559420659e-08 0.484688571813342 0.991 0.999 0.000107720559420659 "2" "RPS27L"
1.28607337665241e-08 0.381493759407593 0.963 0.652 0.000128607337665241 "2" "SNHG5"
1.36798380056857e-08 0.645251172896901 1 0.984 0.000136798380056857 "2" "STMN1"
1.78243179022445e-08 0.462215859061468 1 1 0.000178243179022445 "2" "TUBB"
5.14833408879267e-08 0.322676326389635 1 0.818 0.000514833408879267 "2" "TAGLN2"
5.74755515292491e-08 0.303467808796099 0.982 0.74 0.000574755515292491 "2" "ECHS1"
1.23194004131296e-07 0.367440951035584 0.991 0.889 0.00123194004131296 "2" "LDHA"
1.42839508591656e-07 0.377052688447427 0.991 0.742 0.00142839508591656 "2" "PHPT1"
1.80875826483033e-07 0.360407417739351 0.963 0.949 0.00180875826483033 "2" "GTF2A2"
1.85705742012316e-07 0.479062100900262 1 0.887 0.00185705742012316 "2" "STMN2"
2.58558561598109e-07 0.516744602075026 1 0.804 0.00258558561598109 "2" "DUT"
4.52654385952317e-07 0.369816329045018 0.972 0.68 0.00452654385952317 "2" "POU3F1"
4.69601690179207e-07 0.326193499644968 0.954 0.679 0.00469601690179207 "2" "C1orf61"
1.01836916831685e-06 0.416272016623974 1 0.679 0.0101836916831685 "2" "ZNF428"
1.53937124983923e-06 0.263804775761779 0.963 0.958 0.0153937124983923 "2" "RGCC"
1.76340809796903e-06 0.425291060196224 1 0.846 0.0176340809796903 "2" "BEX1"
2.24153525653528e-06 0.257187135362403 0.972 0.848 0.0224153525653528 "2" "MTMR6"
2.27816911668017e-06 0.5066618784312 1 0.929 0.0227816911668017 "2" "TUBB2B"
3.13698334240653e-06 0.251276475472992 0.963 0.796 0.0313698334240653 "2" "PFKP"
3.6272005660687e-06 0.391053482045995 1 0.715 0.036272005660687 "2" "DYNLRB1"
4.24210593089946e-06 0.258474637687909 0.972 0.705 0.0424210593089946 "2" "GNG4"
7.86583873647499e-06 0.276651859857741 1 0.616 0.0786583873647499 "2" "BEX2"
9.0282381556373e-06 0.406117638373133 0.972 0.845 0.090282381556373 "2" "HDAC9"
9.71964499269953e-06 0.309230384669856 1 0.743 0.0971964499269953 "2" "EEF1A2"
9.9594615748391e-06 0.356697411664066 1 0.913 0.099594615748391 "2" "HSPH1"
1.49217850077059e-05 0.439250176914022 1 0.945 0.149217850077059 "2" "FABP7"
2.10934979316624e-05 1.74419990590715 0.505 0.41 0.210934979316624 "2" "HBB"
2.11578133810663e-05 0.267276414038923 0.982 0.688 0.211578133810663 "2" "NDUFB1"
2.58944331345375e-05 0.39893995978988 1 0.825 0.258944331345375 "2" "NDUFS5"
3.51980604737481e-05 0.266115479508162 0.982 0.775 0.351980604737481 "2" "CRMP1"
5.92003724815283e-05 0.438507143957533 1 0.825 0.592003724815283 "2" "SYCP1"
9.52899737643834e-05 0.261193698210043 0.67 0.607 0.952899737643834 "2" "SNHG1"
0.000393117775019268 0.305689769836357 1 0.948 1 "2" "TLE5"
0.000515553961941694 0.29031061952139 1 0.762 1 "2" "MRPL57"
0.00148189088462754 0.298757540843735 0.963 0.632 1 "2" "ATP5IF1"
0.0019498228811596 0.367025397492328 1 0.882 1 "2" "MARCKSL1"
0.00966471460263424 0.279261561023928 1 0.913 1 "2" "CCND1"
2.04317921034925e-176 1.20957711990646 0.89 0.011 2.04317921034925e-172 "3" "HLA-DQA2"
2.01529069607482e-169 1.12525201284567 0.87 0.012 2.01529069607482e-165 "3" "IL1B"
7.47380745656747e-153 2.47375797321389 0.91 0.034 7.47380745656747e-149 "3" "HLA-DQB2"
8.66332172440459e-145 1.4325240824551 0.95 0.053 8.66332172440459e-141 "3" "MT1M"
1.15231425958815e-144 3.47048189937519 0.94 0.05 1.15231425958815e-140 "3" "TYROBP"
1.81166379590581e-134 3.14048634213884 0.91 0.055 1.81166379590581e-130 "3" "HLA-DQA1"
6.96173031435755e-128 1.25349384071893 1 0.099 6.96173031435755e-124 "3" "MEF2C"
2.51839633182449e-108 1.19705274159938 0.51 0 2.51839633182449e-104 "3" "PF4V1"
6.70141448454827e-100 3.12946985349904 0.87 0.1 6.70141448454827e-96 "3" "HLA-DRB1"
1.7334172727944e-95 1.08431635296765 0.93 0.134 1.7334172727944e-91 "3" "BCL2A1"
1.75380434920131e-85 1.16883098578342 0.92 0.175 1.75380434920131e-81 "3" "TLR2"
1.92189632065698e-84 1.53068535271774 0.99 0.236 1.92189632065698e-80 "3" "CD9"
3.63022425197303e-80 1.3320670104179 0.92 0.201 3.63022425197303e-76 "3" "CFP"
8.26188399770916e-77 1.24869703069447 0.9 0.198 8.26188399770916e-73 "3" "SPI1"
3.1885657935152e-74 1.13470816310177 0.89 0.196 3.1885657935152e-70 "3" "CTSS"
3.49090759007847e-59 1.86326538402529 1 0.85 3.49090759007847e-55 "3" "RRBP1"
4.66121034364164e-58 2.12448884942282 1 0.959 4.66121034364164e-54 "3" "ARPC1B"
6.07781893770704e-58 1.93773155294661 1 0.941 6.07781893770704e-54 "3" "PICALM"
1.13667394353583e-57 2.12657703112623 1 0.979 1.13667394353583e-53 "3" "SAT1"
5.32471650187256e-57 2.68422791864216 1 1 5.32471650187256e-53 "3" "FTH1"
6.24757484629837e-57 1.90333737262839 1 0.958 6.24757484629837e-53 "3" "RNF130"
2.2551939714198e-56 1.14712397271185 1 0.429 2.2551939714198e-52 "3" "ANXA1"
2.68766515547318e-56 1.21930515692326 1 0.429 2.68766515547318e-52 "3" "YBX3"
8.91062006945514e-56 1.30006516504947 1 0.964 8.91062006945514e-52 "3" "QKI"
1.28863300449042e-55 1.86475013817238 1 0.991 1.28863300449042e-51 "3" "RPL22L1"
2.06469962543773e-55 1.81662290199736 1 0.997 2.06469962543773e-51 "3" "GNAI2"
4.66213817810274e-55 2.06674998760118 1 0.977 4.66213817810274e-51 "3" "RAP1A"
5.09602515810983e-55 2.01769228947183 0.99 0.539 5.09602515810982e-51 "3" "KLF4"
5.34715881813726e-55 1.01035298684538 0.99 0.732 5.34715881813725e-51 "3" "EHD4"
2.52937907860451e-54 1.53869978896369 1 0.948 2.52937907860451e-50 "3" "IER5"
2.90920498817616e-54 1.35565596715563 1 0.978 2.90920498817616e-50 "3" "CTNNB1"
3.01130520684315e-54 1.94431999830543 0.98 0.488 3.01130520684315e-50 "3" "ZEB2"
2.38821512213715e-53 1.93361136076922 1 0.734 2.38821512213715e-49 "3" "PLEKHO1"
3.22273872402707e-53 1.32889353739938 0.91 0.322 3.22273872402707e-49 "3" "NCF4"
4.35268127609517e-52 1.07997430281377 1 0.504 4.35268127609517e-48 "3" "SGK1"
6.8178696148469e-52 2.23287484399767 1 0.895 6.8178696148469e-48 "3" "ZFP36"
2.5201100501806e-51 1.93745345816409 1 0.987 2.5201100501806e-47 "3" "AKR1A1"
4.23135933084197e-51 1.31914248395524 1 0.726 4.23135933084197e-47 "3" "NFKBIZ"
5.31502341924607e-51 1.65526217790178 1 0.99 5.31502341924607e-47 "3" "CLTC"
2.28638413999048e-50 1.10543288743626 0.99 0.308 2.28638413999048e-46 "3" "ACTC1"
2.63128183063302e-50 1.23437076208646 1 0.928 2.63128183063302e-46 "3" "PITPNA"
5.28315341085295e-50 1.05449841903061 0.58 0.088 5.28315341085295e-46 "3" "PMP22"
7.66815877826744e-50 1.04300039204546 1 0.975 7.66815877826743e-46 "3" "ATG3"
3.72367342332765e-48 2.11173359424283 0.98 0.736 3.72367342332765e-44 "3" "ATF3"
9.83716206036041e-48 1.02038272443322 1 0.962 9.83716206036041e-44 "3" "SPAG9"
5.63572860412854e-47 1.15324907742581 1 0.924 5.63572860412854e-43 "3" "KDM6B"
1.01486155270058e-45 1.52265552119896 1 0.922 1.01486155270058e-41 "3" "TGFB1"
1.4310196587969e-45 1.22937015689353 1 0.99 1.4310196587969e-41 "3" "ARF1"
4.23533831616297e-45 1.62275777728756 1 1 4.23533831616297e-41 "3" "ARPC2"
4.98536036601528e-45 1.39923401259139 1 0.941 4.98536036601528e-41 "3" "MCL1"
7.72351669401971e-44 1.09526471089034 1 0.991 7.72351669401971e-40 "3" "KLF13"
1.00469698264729e-43 1.4481211678634 0.86 0.431 1.00469698264729e-39 "3" "HLA-DQB1"
2.50584648943527e-43 1.92351121103683 0.89 0.533 2.50584648943527e-39 "3" "AIF1"
3.02281624137496e-43 1.06405936075284 0.84 0.397 3.02281624137496e-39 "3" "DAB2"
6.91511048212712e-43 1.10461149085156 1 0.951 6.91511048212712e-39 "3" "SNX2"
9.63651361932944e-43 1.58114750880225 1 1 9.63651361932944e-39 "3" "CALM1"
1.62099716822668e-42 1.02722025283341 1 0.98 1.62099716822668e-38 "3" "GNG5"
3.33583631892727e-42 1.2667627652278 1 0.984 3.33583631892727e-38 "3" "ZFAND5"
7.92331616996475e-42 1.63350321365325 1 0.955 7.92331616996475e-38 "3" "BTG2"
5.83410598101326e-40 1.53015781198176 1 0.954 5.83410598101326e-36 "3" "BLVRB"
6.30125277747501e-40 1.22561313539343 1 0.923 6.30125277747501e-36 "3" "CARD19"
8.39338315274937e-40 1.17962536001359 1 0.439 8.39338315274937e-36 "3" "PSMB9"
9.88184876646714e-40 1.09367549375523 1 0.974 9.88184876646714e-36 "3" "PTEN"
4.75963084891806e-39 1.30416175212551 1 0.993 4.75963084891806e-35 "3" "YWHAH"
5.18266540567147e-39 1.45580343221481 1 0.991 5.18266540567147e-35 "3" "ACTR3"
5.850489475032e-39 1.32153792848999 1 0.969 5.850489475032e-35 "3" "HSPA5"
1.12816974894199e-38 1.48543826422536 1 0.969 1.12816974894199e-34 "3" "HIST3H2A"
2.10890331423106e-37 1.08938326460574 1 1 2.10890331423106e-33 "3" "DDX5"
3.87441513454912e-37 1.09810134304107 1 0.917 3.87441513454912e-33 "3" "RBMS1"
1.52825901893519e-36 1.09557459275039 1 0.989 1.52825901893519e-32 "3" "SCAND1"
3.64712835479146e-36 1.06671307386367 0.99 0.988 3.64712835479146e-32 "3" "ATOX1"
2.48258950868573e-35 1.38998446926084 1 0.961 2.48258950868573e-31 "3" "NFKBIA"
3.50625752820837e-35 1.37922995761749 1 0.996 3.50625752820837e-31 "3" "BRI3"
1.03325563061007e-33 1.31771202455181 1 0.998 1.03325563061007e-29 "3" "RAP1B"
3.0445042846535e-33 1.35138413572449 1 0.997 3.0445042846535e-29 "3" "FAM49B"
1.11420149939853e-32 1.00979620441358 1 0.481 1.11420149939853e-28 "3" "MTRNR2L6"
1.54398990699019e-32 1.08501201955259 0.96 0.735 1.54398990699019e-28 "3" "NR4A2"
5.55768443263961e-32 1.10959742974769 1 0.998 5.55768443263961e-28 "3" "HNRNPF"
2.71545754783124e-30 1.40640588033735 1 0.529 2.71545754783124e-26 "3" "S100A11"
2.49221060807861e-29 1.15343621077912 1 0.478 2.49221060807861e-25 "3" "AL136454.1"
6.68608268106427e-29 0.979566843537287 1 0.993 6.68608268106427e-25 "3" "TAF10"
4.22941365891375e-28 1.0147914891653 0.98 0.86 4.22941365891375e-24 "3" "NAMPT"
3.31933205859013e-26 1.15668250527439 1 1 3.31933205859013e-22 "3" "H2AFZ"
9.26744534423671e-26 1.13309672742598 1 0.987 9.26744534423671e-22 "3" "JUNB"
3.25527687940459e-25 1.27857920643846 1 1 3.25527687940459e-21 "3" "UBB"
5.07320917076184e-25 2.31057377756806 1 0.887 5.07320917076184e-21 "3" "TIMP2"
1.14213982191295e-24 0.989062519329548 1 0.967 1.14213982191295e-20 "3" "PSME2"
2.47793952991119e-24 1.22048621262012 1 1 2.47793952991119e-20 "3" "RPS20"
8.26017266973685e-24 1.07443092151602 1 1 8.26017266973685e-20 "3" "RPL23"
1.44409604068652e-23 1.0817440265717 1 1 1.44409604068652e-19 "3" "ACTB"
6.46643595355611e-22 4.11749404403844 0.99 0.789 6.46643595355611e-18 "3" "APOE"
9.30153270050489e-22 1.07812843978861 1 1 9.30153270050489e-18 "3" "PFN1"
3.07996518448255e-21 2.40626473915994 0.81 0.589 3.07996518448255e-17 "3" "MAFB"
6.34985024240502e-20 1.33648589693163 1 0.997 6.34985024240502e-16 "3" "FOS"
7.0875879065222e-20 1.02945857801609 1 1 7.0875879065222e-16 "3" "FAU"
2.93528379259683e-17 2.08540131960316 1 0.995 2.93528379259683e-13 "3" "CEBPB"
1.14092447022851e-16 1.08906060071875 0.85 0.787 1.14092447022851e-12 "3" "EMP1"
2.50437333811561e-16 1.38564996568107 1 0.98 2.50437333811561e-12 "3" "JUN"
1.15945685127331e-10 1.27175001659388 1 1 1.15945685127331e-06 "3" "FTL"
0.000407171169117388 1.4991217296357 0.33 0.216 1 "3" "IGFBP7"
1.97146586698027e-69 1.78620727217418 1 0.337 1.97146586698027e-65 "4" "APBB1IP"
7.14025083762344e-62 1.50172685254475 1 0.281 7.14025083762344e-58 "4" "SKAP1"
1.42516287583566e-58 1.03920594050199 1 0.309 1.42516287583566e-54 "4" "CCND2"
9.72434138801295e-57 1.61624091829513 1 0.617 9.72434138801295e-53 "4" "UPP1"
1.73147053093469e-55 1.06647734458795 1 0.676 1.73147053093469e-51 "4" "TESC"
1.11146118079804e-54 1.0730029608991 1 0.587 1.11146118079804e-50 "4" "HLF"
1.20637242366321e-54 1.86204859501758 1 0.754 1.20637242366321e-50 "4" "ELAVL2"
2.50212383630758e-54 1.52705223937254 1 0.855 2.50212383630758e-50 "4" "HSPA14-1"
3.83405753036562e-54 1.24034789712359 1 0.971 3.83405753036562e-50 "4" "EMG1"
1.34975178122447e-53 1.50678780756116 1 0.443 1.34975178122447e-49 "4" "PSMB9"
7.2386171789251e-53 2.07368841957094 1 0.761 7.23861717892511e-49 "4" "PSMB8"
1.28660741588076e-51 1.80031628153908 1 1 1.28660741588076e-47 "4" "VIM"
4.91892707028535e-51 1.57084459976192 1 0.991 4.91892707028535e-47 "4" "SLC25A4"
7.00706738343789e-51 1.08136374630536 1 0.999 7.00706738343789e-47 "4" "HNRNPM"
1.53313858876091e-50 1.6011228874188 1 0.935 1.53313858876091e-46 "4" "REEP5"
2.13026067273149e-50 1.2450971558912 1 0.888 2.13026067273149e-46 "4" "FAM107B"
3.8072359960484e-50 2.0216698222658 1 0.634 3.8072359960484e-46 "4" "CORO1A"
1.2626176300045e-49 1.96728803652867 1 0.879 1.2626176300045e-45 "4" "RORA"
1.36406879732912e-49 2.27453153405084 1 0.947 1.36406879732912e-45 "4" "IER5L"
1.5692391378344e-49 1.32332680449279 1 0.992 1.5692391378344e-45 "4" "ZFAND6"
3.28664015950969e-49 1.07476275104328 1 0.977 3.28664015950969e-45 "4" "CTCF"
4.04498473034038e-49 1.0913518857558 1 0.841 4.04498473034038e-45 "4" "IKZF2"
9.97103661676e-49 1.072430787736 1 0.917 9.97103661676e-45 "4" "ZNF652"
1.94520344560064e-48 2.2560014091484 1 0.97 1.94520344560064e-44 "4" "HIST3H2A"
1.26957902176538e-47 1.04246642890098 1 0.989 1.26957902176538e-43 "4" "RALBP1"
1.65613464707793e-47 1.19241196755422 1 0.889 1.65613464707793e-43 "4" "DNAJC1"
1.30569585581005e-46 0.985498676220126 1 0.952 1.30569585581005e-42 "4" "SMC6"
1.56421851756628e-46 1.31196950646995 1 0.986 1.56421851756628e-42 "4" "PURB"
1.70544272304947e-46 2.47984756534859 1 0.999 1.70544272304947e-42 "4" "HMGB2"
1.87803767500848e-46 1.50473740634794 1 1 1.87803767500848e-42 "4" "HNRNPA3"
2.69047717377616e-46 0.970371065037207 1 0.942 2.69047717377616e-42 "4" "ALYREF"
3.53745338704655e-46 1.36667145205521 1 0.726 3.53745338704655e-42 "4" "CELF2"
3.96843075719656e-46 1.79109352998887 1 1 3.96843075719656e-42 "4" "PFN1"
4.8856530593289e-46 1.58366250930649 1 1 4.8856530593289e-42 "4" "RPL8"
5.07130985697435e-46 1.61854184158951 1 0.999 5.07130985697435e-42 "4" "EIF3H"
2.28850245965808e-45 1.88553915924859 1 0.958 2.28850245965808e-41 "4" "CAPG"
1.4009334158374e-44 1.43811937792309 1 1 1.4009334158374e-40 "4" "SUB1"
5.50477257745508e-44 1.42542378483751 1 1 5.50477257745508e-40 "4" "NME2"
6.13072419040319e-44 1.63847098187011 1 0.955 6.13072419040319e-40 "4" "TLN1"
4.57379613468399e-43 1.46000053631169 1 0.993 4.57379613468399e-39 "4" "TAF10"
5.82888781001641e-43 1.69393069067089 1 0.963 5.82888781001641e-39 "4" "MYH9"
6.22808206836741e-43 1.17558011328185 1 1 6.22808206836741e-39 "4" "HSP90AB1"
1.01342390611142e-42 1.84824554454812 1 0.916 1.01342390611142e-38 "4" "NBEAL1"
1.33760636484265e-42 1.54270693916497 1 1 1.33760636484265e-38 "4" "ACTB"
1.70444281980644e-42 1.45020193827544 1 0.587 1.70444281980644e-38 "4" "ETS1"
1.07819828019966e-41 1.25773171291909 1 0.899 1.07819828019966e-37 "4" "RAPGEF6"
1.00326389627706e-40 1.8754776364989 1 0.96 1.00326389627706e-36 "4" "REXO2"
1.05099042424225e-40 1.16177486668217 1 0.917 1.05099042424225e-36 "4" "RBMS1"
1.10335375655916e-40 1.61815547293947 1 0.836 1.10335375655916e-36 "4" "ZFP36L2"
1.17097339923548e-40 2.01231734759375 1 1 1.17097339923548e-36 "4" "LGALS1"
1.1831444282899e-40 1.43071898772996 1 0.482 1.1831444282899e-36 "4" "AL136454.1"
2.3896502402709e-40 1.43802911042948 1 1 2.3896502402709e-36 "4" "RPS20"
4.8724749803697e-40 1.53427403650217 1 0.644 4.8724749803697e-36 "4" "MAF"
7.66921576654732e-40 1.18717326774446 1 0.995 7.66921576654732e-36 "4" "NCOR1"
1.91668455043059e-39 1.66928927273404 1 0.314 1.91668455043059e-35 "4" "LTB"
6.01890506680013e-39 1.55432317866436 1 1 6.01890506680013e-35 "4" "UBB"
8.83942028190285e-38 1.05028429992803 1 1 8.83942028190285e-34 "4" "CFL1"
1.16263422874173e-37 1.1037834152996 1 1 1.16263422874173e-33 "4" "SERF2"
1.38253759500077e-37 1.04548300173136 1 0.752 1.38253759500077e-33 "4" "SH3KBP1"
2.35227324942122e-37 1.19347118432043 1 1 2.35227324942122e-33 "4" "ARPC2"
2.56374070389828e-37 1.34672526597961 1 0.998 2.56374070389828e-33 "4" "HNRNPF"
1.44817378402721e-35 1.08311074381309 1 0.961 1.44817378402721e-31 "4" "ROCK1"
2.21745377918684e-35 1.12003599144939 1 0.485 2.21745377918684e-31 "4" "MTRNR2L6"
2.33698675747675e-35 0.976639420335466 1 1 2.33698675747675e-31 "4" "EIF1"
3.39482621961582e-35 1.82798864272695 1 0.737 3.39482621961582e-31 "4" "ZNF90"
4.24203221593872e-35 1.25699052312471 1 0.9 4.24203221593872e-31 "4" "MBD2"
8.04735071614742e-35 1.00157383968328 1 0.999 8.04735071614742e-31 "4" "JUND"
1.08078344461565e-34 1.10378435632495 1 1 1.08078344461565e-30 "4" "RPL17"
1.6836998881146e-34 1.17064205265178 1 0.36 1.6836998881146e-30 "4" "ITGB7"
1.91954608841264e-34 1.60755425978413 1 1 1.91954608841264e-30 "4" "H2AFZ"
5.73582270677776e-34 1.38011599718501 1 0.967 5.73582270677776e-30 "4" "MBNL1"
6.92877071224817e-34 1.02886910907913 1 0.687 6.92877071224817e-30 "4" "RCBTB2"
2.46549491402694e-32 1.13594680090978 1 1 2.46549491402694e-28 "4" "PPP1R14B"
1.53947092516452e-31 1.0567155081743 0.978 0.9 1.53947092516452e-27 "4" "EZH2"
1.83939614606108e-31 1.14929908352214 1 1 1.83939614606108e-27 "4" "RPS5"
4.53331155527108e-31 1.05782175041198 1 0.975 4.53331155527108e-27 "4" "PSENEN"
5.51418769029326e-31 0.979388210678469 1 0.82 5.51418769029326e-27 "4" "TPM2"
6.50436905547501e-31 1.61175470775432 1 0.987 6.50436905547501e-27 "4" "S100A10"
9.4401482245708e-31 1.1394125956446 1 1 9.4401482245708e-27 "4" "RPS11"
1.65912878261228e-30 1.12321290282163 1 0.707 1.65912878261228e-26 "4" "UQCRHL"
2.55557780887429e-30 1.81550018004522 1 0.921 2.55557780887429e-26 "4" "S100A6"
4.23364732988849e-30 0.977480255029217 1 1 4.23364732988849e-26 "4" "DDX5"
8.59322231110967e-30 1.23641419703429 1 1 8.59322231110967e-26 "4" "RPL23"
1.17679747442984e-29 1.29092502932678 1 0.716 1.17679747442984e-25 "4" "MTRNR2L10"
3.39416020125039e-29 1.74689966021916 1 0.621 3.39416020125039e-25 "4" "S100A4"
3.55964642436933e-29 1.07599164833634 1 1 3.55964642436933e-25 "4" "RPL30"
3.95425212480029e-29 1.5303931472293 1 1 3.95425212480029e-25 "4" "UBA52"
4.17585333181177e-28 1.07482326484058 1 1 4.17585333181177e-24 "4" "RPL19"
4.5913290987889e-28 0.973229539217604 1 0.998 4.5913290987889e-24 "4" "NDUFA6"
1.34562289063468e-27 1.24758705159872 1 0.988 1.34562289063468e-23 "4" "EMP3"
8.23384137450234e-27 1.69432574507919 1 0.967 8.23384137450234e-23 "4" "SMC4"
8.49191650404384e-25 1.04688249478275 1 1 8.49191650404384e-21 "4" "TMSB4X"
3.77437971286436e-24 1.12291182589514 1 0.803 3.77437971286436e-20 "4" "AHNAK"
9.37508474069813e-24 1.06437860068468 1 0.967 9.37508474069813e-20 "4" "PSME2"
2.63908026319292e-23 1.08224716258298 1 1 2.63908026319292e-19 "4" "RPL27A"
9.04590315884612e-23 1.81361894875985 0.989 0.948 9.04590315884613e-19 "4" "TUBA4A"
9.93513604117922e-23 1.34379727788678 1 0.94 9.93513604117922e-19 "4" "HIST1H1E"
3.13004026646108e-21 1.46679747585464 0.946 0.879 3.13004026646108e-17 "4" "SMC2"
4.44757026371808e-13 1.10344810071969 1 0.972 4.44757026371808e-09 "4" "CKS2"
5.60420107313303e-11 1.31331839885247 0.925 0.794 5.60420107313303e-07 "4" "TOP2A"
2.8479994017182e-102 1.12088021746885 0.982 0.073 2.8479994017182e-98 "5" "CENPA"
2.53137682207359e-62 1.19560038550377 1 0.193 2.53137682207359e-58 "5" "DLGAP5"
2.71733467446631e-62 0.921740434380158 0.964 0.17 2.71733467446631e-58 "5" "PIMREG"
6.48737823764037e-53 1.62525565245769 1 0.264 6.48737823764037e-49 "5" "PBK"
1.02168009992421e-51 0.903339295026107 0.945 0.211 1.02168009992421e-47 "5" "HIST1H3B"
1.60040316434164e-50 1.02112353830743 0.982 0.264 1.60040316434164e-46 "5" "FOXM1"
2.64126667585504e-48 1.00897458753505 1 0.31 2.64126667585504e-44 "5" "MXD3"
5.11541973237145e-46 1.98686608352648 1 0.349 5.11541973237145e-42 "5" "BIRC5"
8.8615081873868e-46 1.58813910079301 1 0.333 8.8615081873868e-42 "5" "MKI67"
7.92830207070881e-45 0.969620727012381 1 0.354 7.92830207070881e-41 "5" "PLK1"
2.2617593377713e-44 0.861416194119314 1 0.375 2.2617593377713e-40 "5" "CENPN"
3.05011331690605e-44 0.883682446900058 0.964 0.301 3.05011331690605e-40 "5" "GTSE1"
4.17855541486739e-43 0.986991065974081 0.982 0.304 4.17855541486739e-39 "5" "RRM2"
1.4633731054699e-42 2.07912703383601 1 0.415 1.4633731054699e-38 "5" "CDKN3"
1.56275526328851e-42 1.35114947875532 1 0.392 1.56275526328851e-38 "5" "HIST1H1A"
1.75435339056865e-42 0.903678582220973 0.945 0.308 1.75435339056865e-38 "5" "PRR11"
3.01756334784715e-42 1.42755080588148 1 0.395 3.01756334784715e-38 "5" "CDC20"
2.3061182980872e-41 2.16834420565478 1 0.445 2.3061182980872e-37 "5" "CCNB2"
2.50969240249274e-40 1.05777705807337 1 0.432 2.50969240249274e-36 "5" "ASPM"
4.38165395032365e-39 1.16758105517259 1 0.508 4.38165395032365e-35 "5" "KIF23"
5.27731080420569e-39 0.937133981788179 1 0.507 5.27731080420569e-35 "5" "TACC3"
2.41952437974537e-38 3.31805171993808 1 0.561 2.41952437974537e-34 "5" "NUSAP1"
2.56761451724857e-38 1.82461818479355 1 0.554 2.56761451724857e-34 "5" "CCNB1"
1.77118707570309e-37 3.82358453960872 1 0.611 1.77118707570309e-33 "5" "UBE2C"
2.17424301525744e-37 0.945740111952765 1 0.586 2.17424301525744e-33 "5" "CKAP2"
3.50074819911837e-37 1.2293693050524 1 0.624 3.50074819911837e-33 "5" "KNSTRN"
5.34556555804589e-37 1.60195378789941 1 0.625 5.34556555804589e-33 "5" "TPX2"
9.69259453548801e-37 1.16180123938428 1 0.528 9.69259453548801e-33 "5" "HIST1H1C"
9.7707665969467e-37 1.97874423662081 1 0.62 9.7707665969467e-33 "5" "CDK1"
1.1063969155208e-36 1.34985384821627 0.982 0.516 1.1063969155208e-32 "5" "CENPM"
1.8268706812526e-36 3.04247590064469 1 0.702 1.8268706812526e-32 "5" "PTTG1"
2.1295957986885e-36 2.14407441484297 1 0.634 2.1295957986885e-32 "5" "CENPF"
2.48537972824418e-36 1.36862915932654 1 0.68 2.48537972824418e-32 "5" "DTYMK"
2.85954645957404e-36 1.31745144635849 1 0.7 2.85954645957404e-32 "5" "MZT1"
3.82047810637157e-36 1.2938558209812 1 0.642 3.82047810637157e-32 "5" "MAD2L1"
5.15311977944936e-36 2.13254149728562 1 0.757 5.15311977944936e-32 "5" "KPNA2"
5.43494169916368e-36 1.526682067177 1 0.65 5.43494169916368e-32 "5" "UBE2T"
8.35632783922408e-36 1.72610734091836 1 0.743 8.35632783922408e-32 "5" "HMGB3"
1.07631435329024e-35 1.45206221111246 1 0.822 1.07631435329024e-31 "5" "ENDOG"
1.13896844850165e-35 2.99026229237601 1 0.957 1.13896844850165e-31 "5" "HMGN2"
1.39378505983236e-35 2.07119856820452 1 0.996 1.39378505983236e-31 "5" "JPT1"
1.56023232670801e-35 3.12866617713695 1 0.991 1.56023232670801e-31 "5" "TUBA1B"
1.6609966025824e-35 1.41039937167222 0.982 0.595 1.6609966025824e-31 "5" "CENPW"
1.66173845657281e-35 1.68836948637961 1 0.704 1.6617384565728e-31 "5" "PRC1"
2.30343714037189e-35 1.87504329707889 1 0.823 2.30343714037189e-31 "5" "CKS1B"
3.88457006540092e-35 2.12055531062307 1 0.998 3.88457006540092e-31 "5" "UBE2S"
4.34251640432164e-35 2.79358923910141 1 0.979 4.34251640432164e-31 "5" "TUBB4B"
4.83742974749618e-35 1.00937585665371 1 0.601 4.83742974749618e-31 "5" "SKA2"
5.38016805937614e-35 2.99701954128903 1 0.804 5.38016805937614e-31 "5" "HIST1H4C"
5.77577128238964e-35 2.57586107923252 1 0.915 5.77577128238964e-31 "5" "TUBA1C"
6.64721280636241e-35 1.50738080877873 1 0.96 6.64721280636241e-31 "5" "LSM4"
9.42269353769174e-35 1.04891167458163 1 0.688 9.42269353769174e-31 "5" "DCXR"
1.59284147123573e-34 1.83246717903509 1 0.655 1.59284147123573e-30 "5" "PCLAF"
4.39885224331682e-34 1.19229815316657 1 0.735 4.39885224331682e-30 "5" "H2AFX"
5.14969688504265e-34 1.42893857649209 1 0.856 5.14969688504265e-30 "5" "TYMS"
7.53624377195481e-34 1.76971358846853 1 1 7.53624377195481e-30 "5" "TUBB"
1.28990183099235e-33 2.22769736394919 1 0.985 1.28990183099235e-29 "5" "STMN1"
1.51884766239955e-33 2.59862751505429 1 0.795 1.51884766239955e-29 "5" "TOP2A"
5.1248809593997e-33 1.99901902236066 1 0.815 5.1248809593997e-29 "5" "DUT"
9.76066930495578e-33 1.35350054345271 1 0.76 9.76066930495578e-29 "5" "BANF1"
1.11699793578573e-32 1.06323597230705 1 0.9 1.11699793578573e-28 "5" "BUB3"
1.35708246076279e-32 1.29095943621249 1 1 1.35708246076279e-28 "5" "SRSF3"
1.38838669126171e-32 1.00978523344683 1 0.856 1.38838669126171e-28 "5" "CDKN2D"
2.26462939749383e-32 0.936326234094357 1 0.833 2.26462939749383e-28 "5" "TMSB15A"
6.43498481667746e-32 1.15090420999655 1 0.949 6.43498481667746e-28 "5" "ANP32E"
3.69021979605521e-31 0.991569010166431 1 0.614 3.69021979605521e-27 "5" "C12orf75"
1.58752957940345e-30 1.70004243114717 1 0.973 1.58752957940345e-26 "5" "CKS2"
2.36320726716563e-30 0.993992596143147 0.927 0.512 2.36320726716563e-26 "5" "HIST1H3D"
2.46382252038661e-30 2.08573804344623 1 0.999 2.46382252038661e-26 "5" "HMGB2"
6.84468024366294e-30 1.0149811602999 1 0.84 6.84468024366294e-26 "5" "TIMM10"
1.59642832946062e-29 0.905224248529338 1 0.99 1.59642832946062e-25 "5" "DDX39A"
2.81790109089409e-29 0.902309487944181 1 0.948 2.81790109089409e-25 "5" "GTF2A2"
4.35239022384134e-29 0.880959110672122 0.964 0.587 4.35239022384134e-25 "5" "WDR34"
9.17057963548151e-29 0.965080816365996 0.982 0.628 9.17057963548151e-25 "5" "KIF20B"
1.95246801020323e-28 0.915394844490761 1 0.906 1.95246801020323e-24 "5" "ILF2"
1.21156646964674e-27 0.880011020996744 0.982 0.743 1.21156646964674e-23 "5" "VRK1"
2.85722282873885e-27 1.0384264324887 1 0.948 2.85722282873885e-23 "5" "UBALD2"
4.05726118781045e-27 0.988403785089008 1 0.809 4.05726118781045e-23 "5" "CSRP2"
8.3124694948004e-27 0.883242765456565 1 0.666 8.3124694948004e-23 "5" "RPA3"
9.60079981968498e-27 1.32482001815892 1 1 9.60079981968498e-23 "5" "DEK"
4.7872533056442e-25 1.1283032148387 0.909 0.579 4.7872533056442e-21 "5" "HIST1H1B"
1.50427136166232e-24 1.15693465365694 1 0.932 1.50427136166232e-20 "5" "TUBB2A"
1.24004874427989e-23 0.975604408879645 1 0.786 1.24004874427989e-19 "5" "CDK2AP1"
2.92227080163202e-23 0.966248382503144 1 0.775 2.92227080163202e-19 "5" "MRPL57"
6.8887349501366e-23 1.24171671822181 1 0.918 6.8887349501366e-19 "5" "TMPO"
2.2456410377011e-21 0.876308797994401 1 0.742 2.2456410377011e-17 "5" "TRPM4"
3.21938384400885e-21 0.941411745157798 1 1 3.21938384400885e-17 "5" "H2AFZ"
1.58790492968429e-20 1.17097445784697 1 1 1.58790492968429e-16 "5" "TUBA1A"
5.13159700609241e-20 1.1554506944335 1 0.732 5.13159700609241e-16 "5" "COX6C"
2.05122845247364e-19 0.967978314204671 1 0.731 2.05122845247364e-15 "5" "DYNLRB1"
1.21533982254423e-18 0.907816716821091 1 0.911 1.21533982254423e-14 "5" "HMGN1"
1.47284445429005e-18 1.24178851001509 1 0.883 1.47284445429005e-14 "5" "DBI"
7.27874843851457e-18 0.921843021149278 1 0.848 7.27874843851457e-14 "5" "ATP5PO"
1.28137092752169e-16 0.94595645833957 1 0.835 1.28137092752169e-12 "5" "NDUFS5"
1.61444898745025e-15 1.08113635153626 1 0.894 1.61444898745025e-11 "5" "LDHA"
2.09822284756857e-15 1.11822978081418 1 0.762 2.09822284756857e-11 "5" "RBP1"
6.06618443706665e-15 1.2199234916279 1 0.948 6.06618443706665e-11 "5" "FABP7"
6.89283465626281e-14 1.0837799466465 1 0.999 6.89283465626281e-10 "5" "ARL6IP1"
1.34254760288872e-11 0.941881176391898 1 0.933 1.34254760288872e-07 "5" "TUBB2B"
2.56595315695395e-10 0.956092431985613 0.8 0.601 2.56595315695395e-06 "5" "HIST1H1D"
6.80414765784604e-108 1.49116807061493 1 0.066 6.80414765784604e-104 "6" "PRRX2"
3.13961820236656e-57 1.09894468263509 1 0.211 3.13961820236656e-53 "6" "SAMD11"
3.03905284453075e-52 2.38646234750929 1 0.249 3.03905284453075e-48 "6" "MGP"
2.55481214199573e-48 1.43844283681745 1 0.289 2.55481214199573e-44 "6" "CORT"
8.2791549175331e-48 1.29334447780701 1 0.295 8.2791549175331e-44 "6" "MMP2"
1.88144138911626e-43 0.945698963223824 1 0.342 1.88144138911626e-39 "6" "COL6A2"
3.97324680979239e-43 2.70708789543301 1 0.364 3.97324680979239e-39 "6" "PGF"
2.16849816588704e-41 1.20580430437972 1 0.391 2.16849816588704e-37 "6" "APOD"
6.60682038461279e-41 2.61711837853288 1 0.409 6.60682038461279e-37 "6" "NBL1"
1.20102738720972e-40 1.43592048480204 1 0.373 1.20102738720972e-36 "6" "SPARC"
1.22160450500687e-39 1.7269973791042 0.981 0.358 1.22160450500687e-35 "6" "PCSK1"
1.42400717840654e-38 1.26099311859077 1 0.473 1.42400717840654e-34 "6" "IGFBP6"
1.51803914625553e-38 0.930856118832147 1 0.47 1.51803914625553e-34 "6" "HSPB8"
7.80875213829324e-38 1.60799335098404 1 0.494 7.80875213829324e-34 "6" "FGFBP2"
1.51375315242735e-37 1.81411829663559 1 0.509 1.51375315242735e-33 "6" "DLX6-AS1"
1.68835760622752e-37 1.97656751919425 1 0.457 1.68835760622752e-33 "6" "ANXA1"
1.71598772328231e-37 1.68251806150105 1 0.515 1.71598772328231e-33 "6" "PLD5"
2.40519399793265e-37 1.76889124015043 1 0.506 2.40519399793265e-33 "6" "CTSK"
3.29383101812697e-37 1.01954758776579 1 0.527 3.29383101812697e-33 "6" "SMAD9"
3.78777270854175e-37 2.03188395337257 1 0.53 3.78777270854175e-33 "6" "FRZB"
3.88965747546013e-37 1.35959626812116 1 0.514 3.88965747546013e-33 "6" "MDK"
4.94438746216994e-37 2.90721309717158 1 0.534 4.94438746216994e-33 "6" "DPT"
8.19485008820446e-37 0.963579017305129 1 0.536 8.19485008820446e-33 "6" "CNN3"
9.35599560864903e-37 2.05746919267159 1 0.533 9.35599560864903e-33 "6" "TNFAIP6"
9.8452216151632e-37 2.45879931486453 1 0.55 9.84522161516319e-33 "6" "TIMP1"
2.007860171575e-36 1.9583197921396 1 0.518 2.007860171575e-32 "6" "PCOLCE"
2.4130473852056e-36 0.954347324212513 1 0.565 2.4130473852056e-32 "6" "BAMBI"
2.82516094298692e-36 1.20841273372837 1 0.575 2.82516094298692e-32 "6" "PLS3"
2.86718140969652e-36 1.46153140004367 1 0.569 2.86718140969652e-32 "6" "TMEM100"
2.87767478367853e-36 1.01535815568107 1 0.54 2.87767478367853e-32 "6" "CTSF"
6.28096263856632e-36 3.32013172732022 1 0.597 6.28096263856632e-32 "6" "A2M"
9.72911481446547e-36 1.82456032654318 1 0.585 9.72911481446547e-32 "6" "LINC02732"
1.04151064624954e-35 2.3421586856827 1 0.611 1.04151064624954e-31 "6" "CALD1"
1.43415957661972e-35 1.39394908904249 1 0.611 1.43415957661972e-31 "6" "GNG11"
1.78412029738132e-35 1.43167371657824 1 0.514 1.78412029738132e-31 "6" "IGFBP5"
1.82691237473682e-35 0.946233218808449 1 0.618 1.82691237473682e-31 "6" "SNAP23"
2.14781175284399e-35 1.0992689858395 1 0.599 2.14781175284399e-31 "6" "KANK2"
2.40903493984155e-35 1.76022318219527 1 0.588 2.40903493984155e-31 "6" "HSPB1"
4.01176430350515e-35 1.15876662658036 1 0.458 4.01176430350516e-31 "6" "GJA1"
4.26764584241772e-35 1.75252072793089 1 0.644 4.26764584241772e-31 "6" "HLA-B"
4.29600592009509e-35 1.12809699178782 1 0.575 4.29600592009509e-31 "6" "NR2F2"
5.06039074292395e-35 0.944066578946607 1 0.661 5.06039074292395e-31 "6" "TPBG"
5.2841414477996e-35 3.20623180279951 1 0.656 5.2841414477996e-31 "6" "COL1A2"
6.1915797958897e-35 1.22785143057288 1 0.648 6.1915797958897e-31 "6" "HLA-E"
9.75653442404653e-35 1.73994587790224 1 0.7 9.75653442404653e-31 "6" "FAM3C"
1.05469985974233e-34 2.49543401171641 1 0.709 1.05469985974233e-30 "6" "OLFML3"
1.24414297393389e-34 1.76483415799075 1 0.696 1.24414297393389e-30 "6" "IFITM3"
1.39895874336477e-34 2.08486203368159 1 0.698 1.39895874336477e-30 "6" "DNASE1L3"
1.84475614882004e-34 1.18595520895961 1 0.558 1.84475614882004e-30 "6" "TMEM158"
1.98351302646993e-34 2.41916858098322 1 0.719 1.98351302646993e-30 "6" "CLEC11A"
2.29657145497244e-34 1.00398485436182 1 0.582 2.29657145497244e-30 "6" "ST6GAL2"
2.47350847821018e-34 2.31665080036497 1 0.754 2.47350847821018e-30 "6" "DKK2"
2.57103971780851e-34 2.03897350899427 1 0.529 2.57103971780851e-30 "6" "SGK1"
2.58151126296648e-34 1.2066448413602 1 0.676 2.58151126296648e-30 "6" "HLA-C"
3.4048004405395e-34 3.97848364184555 1 0.814 3.4048004405395e-30 "6" "FN1"
3.58129114535591e-34 2.87614785763034 1 0.754 3.58129114535591e-30 "6" "FABP5"
3.76362896921835e-34 1.44224307940855 1 0.618 3.76362896921835e-30 "6" "PCDH7"
4.38079080747982e-34 1.24429902993361 1 0.822 4.38079080747982e-30 "6" "ANXA5"
5.18766439443958e-34 5.40514019909759 1 0.978 5.18766439443958e-30 "6" "PENK"
5.38125333251332e-34 3.92194735704046 1 0.989 5.38125333251332e-30 "6" "B2M"
7.64084726601414e-34 2.20368735372904 1 0.815 7.64084726601414e-30 "6" "ID3"
8.3146803269621e-34 1.62902202197718 1 0.652 8.3146803269621e-30 "6" "NTNG1"
1.0452891367898e-33 1.47614939174969 1 0.698 1.0452891367898e-29 "6" "TRMT9B"
1.19362108951782e-33 2.13904207245025 1 0.826 1.19362108951782e-29 "6" "TNC"
2.63201490114092e-33 2.52145968863694 1 0.921 2.63201490114092e-29 "6" "ANXA2"
3.5496270170003e-33 1.30145552708109 1 0.457 3.5496270170003e-29 "6" "YBX3"
4.57304118449692e-33 1.09582094811602 1 0.732 4.57304118449692e-29 "6" "NFIA"
7.36626395554795e-33 1.22098256021467 1 0.814 7.36626395554795e-29 "6" "SDCBP"
1.62031679154486e-32 1.73953056602318 1 0.942 1.62031679154486e-28 "6" "CAV1"
3.21723392695159e-32 1.98346511676681 1 0.603 3.21723392695159e-28 "6" "BGN"
7.14269547394011e-32 1.43088946133715 1 0.704 7.14269547394011e-28 "6" "ID4"
2.64256186628627e-31 2.25358484822511 1 0.952 2.64256186628627e-27 "6" "MT-CYB"
2.98170084869413e-31 1.04827956596292 1 0.601 2.98170084869413e-27 "6" "TCIM"
1.31126091815317e-30 1.79606937789198 1 0.991 1.31126091815317e-26 "6" "ITM2A"
3.56307456070597e-30 1.52200002673284 1 0.677 3.56307456070597e-26 "6" "FCGRT"
6.5608923630822e-29 1.07586212859659 1 0.859 6.5608923630822e-25 "6" "TENT5A"
2.94089544315972e-28 1.3384453485842 1 0.642 2.94089544315972e-24 "6" "ISLR"
2.96697280907206e-28 1.15043262873757 1 0.679 2.96697280907206e-24 "6" "GAP43"
1.02560732976894e-27 1.03252558534952 1 0.736 1.02560732976894e-23 "6" "IGF1"
2.99825312316844e-27 1.25947631848411 1 0.77 2.99825312316844e-23 "6" "ITM2C"
3.64846928559527e-27 1.07637431244367 1 0.998 3.64846928559527e-23 "6" "RPS27L"
7.99351699412996e-27 1.08285101012865 1 0.685 7.99351699412996e-23 "6" "SOX4"
2.91347721248234e-26 0.998256977319399 1 0.786 2.91347721248234e-22 "6" "CDK2AP1"
6.35327219076391e-25 1.67487589873717 1 1 6.35327219076391e-21 "6" "MT-CO3"
1.10390650172908e-24 1.03366869580591 1 0.59 1.10390650172908e-20 "6" "C11orf96"
6.31666468081448e-24 1.60771464650891 1 0.994 6.31666468081448e-20 "6" "MT-ATP6"
1.71683640788801e-23 1.54749251980168 1 0.963 1.71683640788801e-19 "6" "MT-ND3"
2.2594510816888e-23 1.01119522050289 1 0.611 2.2594510816888e-19 "6" "DCN"
1.59710138821626e-22 0.932152980522085 1 0.743 1.59710138821626e-18 "6" "TRPM4"
1.92746959272763e-22 1.06848725676773 1 0.805 1.92746959272763e-18 "6" "MT-ND5"
3.22143728950617e-22 1.54416779464529 1 0.998 3.22143728950617e-18 "6" "MT-CO1"
4.13016162970078e-22 1.49866937361319 1 0.889 4.13016162970078e-18 "6" "MMP9"
3.19864227401542e-21 1.05482938106829 1 0.983 3.19864227401542e-17 "6" "LMNA"
4.39611998420881e-21 1.0690599815833 1 0.918 4.39611998420881e-17 "6" "CCND1"
1.73425127397194e-20 0.964792131137016 0.981 0.494 1.73425127397194e-16 "6" "CCL2"
3.63830216878634e-19 1.0008940659186 1 1 3.63830216878634e-15 "6" "VIM"
6.37848778266694e-18 1.39857695337068 1 0.97 6.37848778266694e-14 "6" "MT-CO2"
9.2247589119443e-18 1.16471286967656 1 0.796 9.2247589119443e-14 "6" "IER2"
6.74285014483412e-16 1.17519517118506 1 0.97 6.74285014483412e-12 "6" "MT-ND1"
1.89628581709468e-13 0.947536396709745 1 0.774 1.89628581709468e-09 "6" "KDSR"
