"p_val" "avg_log2FC" "pct.1" "pct.2" "p_val_adj" "cluster" "gene"
3.13521965113764e-59 0.281961856725845 1 1 5.77570164132577e-55 "0" "FCGRT"
3.2198992233755e-59 0.388473787318019 0.987 0.814 5.93169834930235e-55 "0" "C1QL2"
9.62711312778096e-53 0.267135436319348 1 0.983 1.77350678039981e-48 "0" "CD248"
4.37351579119149e-51 0.291038544563898 0.997 0.932 8.05689079053296e-47 "0" "SLCO5A1"
1.55036026108232e-47 0.273659641743016 0.999 0.954 2.85607367296585e-43 "0" "PKP1"
7.09901023323025e-47 0.301504168414418 0.989 0.884 1.30777966516568e-42 "0" "SCX"
7.78876691590981e-47 0.270021623606237 0.999 0.991 1.43484664124891e-42 "0" "PPP1R1A"
2.75232498492638e-46 0.303801437989213 0.945 0.799 5.07033308723138e-42 "0" "CDC42EP5"
4.94629036477916e-42 0.315909000818581 0.996 0.895 9.11205610999617e-38 "0" "TMEM38A"
7.45541137996648e-42 0.265090764117818 0.95 0.784 1.37343588441742e-37 "0" "LINGO1"
1.13738899211304e-41 0.286639270179825 0.96 0.777 2.09529800127063e-37 "0" "YPEL3"
1.84436307304716e-41 0.254084119094959 1 0.983 3.39768565316748e-37 "0" "BASP1"
4.89094047391102e-40 0.285884151935571 0.993 0.869 9.01009054103887e-36 "0" "CLSTN2"
3.84318607531946e-39 0.29042372962928 0.987 0.891 7.0799173879535e-35 "0" "POU3F1"
7.53922596490286e-38 0.255623307962872 0.943 0.734 1.38887620725441e-33 "0" "TSR3"
8.40922478210994e-38 0.278859021894345 0.989 0.863 1.54914738936029e-33 "0" "FZD4"
2.00887512073472e-37 0.274213247927364 0.993 0.9 3.70074974741751e-33 "0" "PRKCB"
2.16482072519773e-36 0.258982174598778 0.915 0.696 3.98803273995926e-32 "0" "SLC25A23"
2.69127228517838e-36 0.251745830063866 0.835 0.483 4.95786180375562e-32 "0" "MXD4"
7.14416059877112e-32 0.391324076411939 1 1 1.31609726550561e-27 "0" "PENK"
5.3850827583717e-31 0.259507645674661 0.879 0.67 9.92039945747235e-27 "0" "SYN1"
1.2862314548639e-30 0.351937527823495 0.982 0.899 2.36949558615028e-26 "0" "PADI3"
4.99941704744565e-29 0.25565155906237 1 0.998 9.20992608480438e-25 "0" "CALCB"
5.54286146881679e-28 0.295354528624727 0.835 0.57 1.02110593978543e-23 "0" "KANK3"
9.16176868833517e-27 0.25830777207648 1 0.991 1.68778102776511e-22 "0" "PADI2"
7.63677784135692e-26 0.261402837016369 0.927 0.758 1.40684721393477e-21 "0" "MROH2A"
1.82037561172194e-21 0.349850955382835 1 0.998 3.35349595191416e-17 "0" "G0S2"
8.72504891172021e-13 0.268287079597531 0.919 0.797 1.6073285105171e-08 "0" "DUSP2"
2.12869137549837e-09 0.282273390440074 0.896 0.804 3.92147525194309e-05 "0" "NTS"
2.10614622323875e-89 0.323495260854817 1 1 3.87994257245042e-85 "1" "MALAT1"
1.57225603445048e-68 0.509097165682606 1 0.926 2.89641006666468e-64 "1" "NCAM2"
5.3984847292434e-60 0.303221356021872 0.996 0.999 9.94508856821219e-56 "1" "IDH3G"
2.99564857591384e-59 0.460559550525241 1 0.976 5.51858380654848e-55 "1" "ZFP36L1"
2.76773833615814e-58 0.509234434176287 0.992 0.911 5.09872756287053e-54 "1" "ALCAM"
9.42330287740692e-55 0.580411515061713 1 0.971 1.7359608560759e-50 "1" "MEG3"
1.25312757567836e-54 0.62059851488662 0.98 0.986 2.30851161991468e-50 "1" "ANXA1"
4.72294802939796e-54 0.574856577049678 0.956 0.776 8.70061485975693e-50 "1" "ALDOC"
5.62206555364292e-54 0.364903751919524 1 0.995 1.0356969162921e-49 "1" "BTG1"
3.37567931899747e-52 0.671051836221454 0.992 0.958 6.21867644145713e-48 "1" "ERRFI1"
1.13404477862045e-50 0.764841750707566 0.935 0.856 2.08913729117459e-46 "1" "LUM"
2.18374015902016e-50 0.691203215188461 0.694 0.312 4.02288612094694e-46 "1" "S100A10"
1.12340514003528e-48 0.31220507528238 1 1 2.069536948973e-44 "1" "ZFAS1"
2.35993329618054e-48 0.588355993326208 0.992 0.979 4.34746911822378e-44 "1" "GEM"
1.97984924000865e-47 0.53771357430176 0.54 0.154 3.64727826994394e-43 "1" "KLB"
4.63979290969561e-47 0.53349256095115 0.899 0.57 8.54742649824126e-43 "1" "ANKRD37"
5.02236344167487e-47 0.782552731443793 1 0.96 9.25219793225344e-43 "1" "CYR61"
6.06705842276637e-47 0.712802913270954 0.621 0.193 1.11767350264202e-42 "1" "STC1"
6.25085251323202e-46 0.319480129893297 1 0.998 1.1515320499876e-41 "1" "FOS"
2.25905381191745e-45 0.554201615751766 0.948 0.877 4.16162893231433e-41 "1" "P4HA1"
4.17915823999375e-45 0.810847332323743 0.968 0.924 7.69884530971648e-41 "1" "TMSB4X"
1.14628744922968e-44 0.741993424473051 0.702 0.35 2.11169073897091e-40 "1" "PHLDA1"
2.12692095440086e-44 0.329281126797678 1 1 3.91821378219726e-40 "1" "LDHA"
2.58162196459946e-44 0.500036555703094 0.972 0.99 4.75586398318513e-40 "1" "IGFBP5"
5.32141279021375e-44 0.351578728119239 0.677 0.297 9.80310664213177e-40 "1" "SELM"
7.16442688426699e-41 0.34221177136727 1 0.987 1.31983072061966e-36 "1" "SLC2A3"
1.73028530834236e-40 0.378527343111825 0.968 0.863 3.18753159502829e-36 "1" "LY6H"
4.86750865507653e-40 0.44462145188121 0.996 1 8.96692444438198e-36 "1" "NRN1"
2.43120267800718e-39 0.583889569252645 0.992 0.975 4.47876157342482e-35 "1" "ATF3"
7.09471486121861e-39 0.337693487574175 0.948 0.779 1.30698837173369e-34 "1" "FBXO44"
2.14062420110162e-38 0.359651193776071 0.976 0.95 3.9434579032694e-34 "1" "SSBP2"
2.73411784739614e-37 0.38314592885437 1 0.977 5.03679189847318e-33 "1" "SOCS3"
8.38777292021481e-37 0.594670741297352 0.948 0.908 1.54519552736197e-32 "1" "JUN"
9.06716109028273e-37 0.515188537066748 0.923 0.787 1.67035241605188e-32 "1" "KLF4"
1.60394996260919e-36 0.39405197131845 0.262 0.028 2.95479662111865e-32 "1" "CXCL8"
1.82065084172454e-36 0.342798002741152 0.976 0.877 3.35400298062495e-32 "1" "PDE4B"
4.23080159044189e-36 0.288715795626868 1 0.999 7.79398268991205e-32 "1" "H1F0"
4.42786724276242e-36 0.417818222731422 0.839 0.655 8.15701703461693e-32 "1" "COL6A1"
2.47860442898507e-35 0.560596929467211 0.827 0.62 4.56608507907629e-31 "1" "DCN"
5.03368168472646e-34 0.34218711497359 0.988 0.915 9.27304839960308e-30 "1" "LINC00681"
2.07179202890134e-33 0.450978194143093 1 0.993 3.81665527564204e-29 "1" "SAT1"
3.45253104711671e-32 0.468121590916932 1 0.98 6.36025269499841e-28 "1" "HIST1H1C"
5.7022163326435e-32 0.296771503746498 1 1 1.05046229279958e-27 "1" "EPB41L4A-AS1"
1.70382299153701e-31 0.27872004029601 0.738 0.445 3.13878271500949e-27 "1" "PXK"
3.02500335698801e-31 0.339653892237871 0.935 0.85 5.57266118424331e-27 "1" "MAP2K5"
7.58834677616983e-31 0.43491705900174 0.891 0.743 1.39792524310601e-26 "1" "DUSP6"
1.65221739097182e-30 0.314373382336018 0.859 0.647 3.0437148776483e-26 "1" "RARRES3"
1.74276971575364e-30 0.318309462742317 0.98 0.932 3.21053037036136e-26 "1" "PGAP1"
1.74551795872087e-30 0.381871644631864 0.887 0.747 3.21559318355559e-26 "1" "FSTL1"
2.53010952719854e-30 0.370320541008849 0.927 0.889 4.66096777100514e-26 "1" "TUBA4A"
2.86203211968886e-30 0.336377637866945 1 0.984 5.27243557089083e-26 "1" "CHMP1B"
1.39537392082045e-29 0.288446949122229 1 0.986 2.57055783693544e-25 "1" "EGR1"
1.5539543256371e-29 0.435290218030243 0.976 0.987 2.86269465868867e-25 "1" "GPI"
2.9929150330214e-29 0.372451943385872 0.935 0.875 5.51354807383203e-25 "1" "AC114730.3"
4.90163433354447e-29 0.338689668851573 0.988 0.941 9.02979076925563e-25 "1" "NXPH4"
5.53929237540747e-29 0.33772500076337 1 0.999 1.02044844139756e-24 "1" "ZFP36"
5.71900305469305e-29 0.295994036315656 0.81 0.581 1.05355474273555e-24 "1" "TMEM59L"
9.91983532971413e-29 0.46853608941676 0.536 0.265 1.82743206443994e-24 "1" "PNCK"
5.78417379655657e-28 0.363252141853196 0.645 0.36 1.06556049680165e-23 "1" "HRH2"
8.64025321945909e-28 0.464664131411788 0.794 0.58 1.59170744808875e-23 "1" "LINC01436"
1.25612657843764e-27 0.285935104249447 0.956 0.848 2.31403638279782e-23 "1" "HOXD11"
1.63809616798736e-27 0.329975487891542 0.746 0.503 3.01770076066632e-23 "1" "ATP2B1"
5.88752188779294e-27 0.353108460697429 0.774 0.57 1.08459928216921e-22 "1" "MIR22HG"
1.2167436524848e-26 0.329408847578379 0.851 0.637 2.24148515660749e-22 "1" "LIPI"
2.42996356516092e-26 0.294503729839382 1 0.978 4.47647887973944e-22 "1" "ZNF331"
4.86168723372597e-26 0.272258169450928 1 0.98 8.95620022196998e-22 "1" "CSRNP1"
1.21021060846336e-25 0.420475571847033 0.895 0.752 2.22944998291121e-21 "1" "TXNIP"
3.88365067899676e-25 0.492007316704124 0.96 0.938 7.15446128084784e-21 "1" "NR4A2"
4.29065882292617e-25 0.340210635827049 0.774 0.568 7.90425168359459e-21 "1" "DAB2"
7.68654058365116e-25 0.374653097114097 0.935 0.884 1.41601450632022e-20 "1" "ENO2"
1.04557713663273e-24 0.28869751337939 0.794 0.59 1.92616220110482e-20 "1" "NBL1"
2.38817325864169e-24 0.931249711014581 0.633 0.469 4.39949277706973e-20 "1" "CA9"
3.08739409384032e-24 0.316116693679169 0.532 0.279 5.68759739967263e-20 "1" "VEGFA"
6.7561712659078e-24 0.673489933253105 1 0.999 1.24462187060554e-19 "1" "BNIP3"
1.5242868544139e-23 0.402077910597503 0.851 0.63 2.80804124320129e-19 "1" "RGS16"
4.33367071202611e-23 0.276580423319449 0.782 0.585 7.9834881856945e-19 "1" "PTPRR"
7.12912767716374e-23 0.310486427356748 0.992 0.971 1.3133279006871e-18 "1" "CMB9-22P13.1"
1.47827966773452e-22 0.294855247068619 0.923 0.835 2.72328680390053e-18 "1" "CES4A"
1.80442858903364e-22 0.346770745090428 1 0.983 3.32411834671777e-18 "1" "BTG2"
1.9668244298684e-22 0.285201561121152 0.774 0.582 3.62328396470356e-18 "1" "TMEM159"
7.26912399884988e-22 0.408340810997273 0.984 0.934 1.33911802306812e-17 "1" "DDIT4"
1.48943540894517e-21 0.275920252999241 0.645 0.391 2.7438379103588e-17 "1" "VSIG10L"
1.25299511588874e-20 0.302481960628667 1 0.984 2.30826760249023e-16 "1" "CDKN1A"
2.59750186612829e-20 0.488549979017166 0.762 0.708 4.78511793778154e-16 "1" "PDGFRB"
2.79524963915412e-20 0.409215421215139 0.855 0.659 5.14940888524972e-16 "1" "PRND"
4.29405524715691e-20 0.281533020477734 0.585 0.352 7.91050857631247e-16 "1" "RBMS1"
6.28993223232795e-20 0.395325256286311 1 0.995 1.15873131583946e-15 "1" "CCL2"
1.40887514104237e-19 0.374867243763261 1 1 2.59542978482826e-15 "1" "FAM162A"
4.5776087272165e-19 0.26918148903652 0.875 0.802 8.43287079727823e-15 "1" "MEF2A"
1.00187890135521e-18 0.299764374690202 0.484 0.27 1.84566131207657e-14 "1" "PDK1"
8.91803799651533e-18 0.32685611458683 0.996 0.999 1.64288095971805e-13 "1" "TAF1D"
2.94494361088818e-17 0.295612176437777 0.988 0.954 5.42517511997821e-13 "1" "TMEM100"
3.05592588528824e-17 0.346371731371884 0.794 0.693 5.629626665878e-13 "1" "MSX2"
2.23637119982029e-16 0.438830864005304 1 1 4.11984302430893e-12 "1" "ALDOA"
3.76908256107149e-16 0.63180816916558 0.899 0.861 6.9434038940059e-12 "1" "VIM"
3.97996912221188e-16 0.311863476302679 0.931 0.862 7.33189911693873e-12 "1" "RHOB"
4.18131254072131e-15 0.334481514885533 0.827 0.754 7.7028139625168e-11 "1" "COL6A2"
7.38413750269493e-13 0.354547984151286 0.891 0.873 1.36030581074646e-08 "1" "HSPA1A"
4.15910350777302e-12 0.366466310678048 0.883 0.841 7.66190048201945e-08 "1" "MAFF"
1.52482741233082e-07 0.344524180293263 0.948 0.877 0.00280903705899583 "1" "CCL7"
6.18839995822038e-180 0.923626226313603 0.979 0.043 1.14002704030336e-175 "2" "MCM10"
6.79589769970699e-171 0.816212104907835 0.979 0.049 1.25194027424002e-166 "2" "DTL"
3.0985726003177e-148 0.895448483760939 0.969 0.066 5.70819044430527e-144 "2" "FAM111B"
4.89953059788779e-122 0.943328260606295 0.938 0.087 9.02591526742888e-118 "2" "ASF1B"
7.69439823353099e-119 0.757950854071447 0.958 0.105 1.41746204258108e-114 "2" "CDCA7"
1.56545454280386e-112 0.842438762830705 0.885 0.081 2.88388035875328e-108 "2" "PKMYT1"
1.6226497359086e-111 0.692200255212527 0.802 0.058 2.98924534349082e-107 "2" "ZNF367"
4.37195250782558e-108 1.16369207184049 0.979 0.146 8.05401090991629e-104 "2" "CLSPN"
1.37682951209619e-102 1.3898247090536 0.99 0.172 2.5363953271836e-98 "2" "E2F1"
7.03998331314998e-100 0.846416686495868 0.927 0.13 1.29690572594849e-95 "2" "BRCA1"
1.80961945104396e-97 0.947038938085379 0.875 0.099 3.33368095271319e-93 "2" "MYBL2"
4.19148591033739e-81 1.42214615130331 1 0.291 7.72155534402355e-77 "2" "GINS2"
5.75716281851826e-80 0.88039213081302 0.938 0.2 1.06058453442743e-75 "2" "TCF19"
7.11850487387864e-79 0.919179564091355 1 0.292 1.31137096786592e-74 "2" "CHAF1A"
9.0835632941677e-79 0.816135429861863 0.938 0.189 1.67337403005157e-74 "2" "CDC45"
2.34595025797833e-75 0.739292113366052 0.99 0.258 4.32170956524767e-71 "2" "PSMC3IP"
2.79278580342573e-73 0.744046643628938 0.906 0.179 5.14487000707088e-69 "2" "BRCA2"
5.8281722638704e-72 0.975923567315518 1 0.364 1.0736658944502e-67 "2" "DSN1"
2.3850807437082e-71 0.823325503336118 0.885 0.176 4.39379574605924e-67 "2" "RAD51AP1"
6.31580954358499e-71 0.954779206847221 1 0.341 1.16349843411923e-66 "2" "ORC6"
1.01895446362124e-70 0.736079025651176 0.969 0.242 1.87711791288304e-66 "2" "MCM8"
8.19440116447857e-70 0.961305231721405 1 0.374 1.50957258252024e-65 "2" "WDR76"
1.6515098066736e-69 1.02648348301637 1 0.386 3.0424113658541e-65 "2" "CDC6"
2.20297307170402e-69 1.08781890596989 1 0.387 4.05831699269315e-65 "2" "UHRF1"
1.1902042333792e-68 0.8109097345123 0.969 0.281 2.19259423873116e-64 "2" "CENPK"
2.87920602963864e-67 1.21243749303354 1 0.382 5.3040733478003e-63 "2" "CENPU"
3.21736657725567e-67 1.31576194750168 1 0.453 5.92703270862039e-63 "2" "MCM4"
4.41792666059071e-67 0.839601969576434 1 0.397 8.1387044941402e-63 "2" "PAQR4"
5.95200314872256e-67 0.684606347598821 1 0.319 1.09647802005767e-62 "2" "SLC29A1"
2.01724456674827e-64 0.731138113773936 0.969 0.284 3.71616794086367e-60 "2" "ATAD5"
1.8302284089677e-63 1.27375206053298 1 0.541 3.37164677500029e-59 "2" "FEN1"
5.36441311937879e-62 0.635389612295197 0.865 0.171 9.88232184851961e-58 "2" "TMSB15A"
6.52658683392739e-62 1.14579257441626 1 0.568 1.2023278265461e-57 "2" "CDT1"
4.51867646976577e-61 0.807758812728416 1 0.454 8.3243057926025e-57 "2" "MCM2"
4.95436570023441e-61 1.24140365735501 1 0.67 9.12693249297183e-57 "2" "MCM5"
6.69704865698472e-61 0.640697672500091 0.948 0.265 1.23373030358972e-56 "2" "CDK2"
4.05789277359768e-60 0.824149506559737 1 0.543 7.47545006752165e-56 "2" "MCM6"
1.17262224631895e-59 1.1853916280166 1 0.809 2.16020470216878e-55 "2" "MCM3"
1.24411833920287e-58 1.01023458723874 0.99 0.399 2.29191480447952e-54 "2" "HELLS"
1.24546154662066e-58 1.08215716741949 1 0.986 2.29438926118459e-54 "2" "PCNA"
5.75283766869592e-58 1.25594887555867 0.948 0.354 1.05978775532716e-53 "2" "TK1"
7.46925260516438e-58 0.715023599419344 0.698 0.117 1.37598571492338e-53 "2" "ESCO2"
2.25982172997599e-57 1.05408375262386 1 0.912 4.16304359096177e-53 "2" "MCM7"
2.59963096182919e-57 0.638592617184269 0.896 0.226 4.78904015788173e-53 "2" "FANCA"
5.07186082517322e-57 0.872144417946518 1 0.635 9.34338201213411e-53 "2" "GINS4"
5.64557498633874e-57 0.865497028197141 1 0.956 1.04002782398332e-52 "2" "SLBP"
6.71380599024622e-57 0.902286186883432 1 0.844 1.23681733952316e-52 "2" "RFC2"
2.26033872960984e-56 0.959936371609873 1 0.696 4.16399600768724e-52 "2" "RFC4"
1.8533407559516e-55 1.02209717720951 1 0.878 3.41422434061404e-51 "2" "RNASEH2A"
6.47200750932563e-55 1.55360991466796 1 0.761 1.19227322336797e-50 "2" "KIAA0101"
9.96960403080773e-55 0.659402863294246 1 1 1.8366004545554e-50 "2" "RANBP1"
1.10398762045617e-54 0.645606599664101 0.917 0.284 2.03376599440435e-50 "2" "CHAF1B"
4.22440612054142e-54 0.815894165024048 1 0.86 7.78220095526141e-50 "2" "USP1"
4.80573204364469e-53 1.23818275493661 1 0.643 8.85311957080224e-49 "2" "TYMS"
1.83082820825049e-52 0.800899749166891 1 0.99 3.37275172523906e-48 "2" "CKS1B"
1.8955207294214e-52 1.02331663886417 1 0.568 3.4919282877401e-48 "2" "DHFR"
3.37206833831777e-52 0.974402679807228 1 0.875 6.21202429284899e-48 "2" "ATAD2"
4.99187981121305e-52 1.13214551337815 0.99 0.404 9.19604098821668e-48 "2" "ZWINT"
5.12672894134986e-52 0.804443301697216 1 0.772 9.44446005575471e-48 "2" "RRM1"
5.64318409013122e-52 0.850595425335474 1 0.888 1.03958737308397e-47 "2" "DNMT1"
1.79691096354876e-51 0.745545083453409 1 0.943 3.31026937704953e-47 "2" "WDR34"
4.23273890461735e-51 0.917633151255723 1 1 7.79755161008609e-47 "2" "H2AFZ"
5.27515657936299e-51 0.792621786731587 1 0.678 9.7178934505025e-47 "2" "CENPH"
7.02366487413798e-51 0.747286766447312 1 0.614 1.2938995431137e-46 "2" "CASP8AP2"
8.88725694386619e-51 0.856241090843797 0.938 0.332 1.63721047419903e-46 "2" "CENPM"
1.30281979855871e-50 0.793324254929133 0.99 0.541 2.40005463290485e-46 "2" "GMNN"
9.90532284336953e-50 0.854523414620953 1 0.628 1.82475857420554e-45 "2" "SMC2"
2.33322802429409e-49 0.665538297141519 0.906 0.325 4.29827266635457e-45 "2" "C16orf59"
3.92240984648325e-49 0.858014615883348 1 0.93 7.22586341919145e-45 "2" "TMEM106C"
5.42493557335091e-49 0.976403398820154 1 0.628 9.99381631322704e-45 "2" "UBE2T"
6.59198890106114e-49 0.781159252243734 1 0.99 1.21437619535348e-44 "2" "STRA13"
2.02700781408794e-48 0.689082088626146 1 0.768 3.7341537951128e-44 "2" "MSH6"
3.38686373310626e-48 0.931572371859955 1 0.97 6.23928036912835e-44 "2" "DUT"
1.83467604892386e-47 0.641439117505624 0.948 0.415 3.37984021732754e-43 "2" "POLD3"
4.9157566674273e-47 0.696380476070577 1 0.947 9.05580693273456e-43 "2" "RPA2"
1.02132395590545e-46 0.725329230318249 1 0.956 1.88148299156901e-42 "2" "IDH2"
1.10702641018323e-46 0.642910068870093 0.99 0.532 2.03936405283954e-42 "2" "HIRIP3"
4.7050849179591e-46 0.698671246219392 1 0.965 8.66770743586425e-42 "2" "SIVA1"
7.33780872721593e-46 0.689678522165732 0.979 0.594 1.35177112372772e-41 "2" "RFC5"
8.97443968259667e-46 0.65033625479218 1 0.932 1.65327127832796e-41 "2" "DCTPP1"
1.79209165416753e-45 0.639272449558207 1 0.968 3.30139124530743e-41 "2" "DNAJC9"
1.1501044503184e-44 0.70659161424761 1 0.909 2.11872241837656e-40 "2" "DTYMK"
1.32949832397026e-44 0.656002392485006 1 0.862 2.44920181241802e-40 "2" "TUBG1"
1.60068416130387e-44 0.658142228594842 0.615 0.116 2.94878036195399e-40 "2" "SPC25"
1.28582172163382e-43 0.660925739863864 0.875 0.294 2.36874077559383e-39 "2" "MND1"
1.44096377460922e-43 0.820064475620301 1 0.592 2.65454346558511e-39 "2" "NUSAP1"
4.97088086202962e-43 0.651825511807775 0.99 0.648 9.15735672403097e-39 "2" "MAD2L1"
2.41672675402209e-42 0.645459375443947 0.958 0.609 4.4520940262595e-38 "2" "PGP"
6.9947249774989e-41 0.767002440041828 1 0.995 1.28856823535485e-36 "2" "HMGB2"
1.06335280492855e-40 0.69245370760203 0.979 0.549 1.95890853723937e-36 "2" "CENPW"
1.1249089097632e-40 0.793313945612134 0.958 0.494 2.07230719356577e-36 "2" "CDK1"
4.39127211793299e-39 0.691870711832375 0.729 0.199 8.08960149565615e-35 "2" "CDCA5"
2.83769302837676e-37 0.718753999284194 0.76 0.239 5.22759809687567e-33 "2" "PBK"
2.88976500201604e-37 0.657868535496862 1 0.713 5.32352508671395e-33 "2" "SMC4"
1.10700781649258e-30 1.09615370429549 0.833 0.417 2.03932979954264e-26 "2" "RRM2"
2.78560294906034e-29 0.684868978754521 0.854 0.423 5.13163775275897e-25 "2" "FBXO5"
5.45252806166675e-29 0.922025977445674 1 0.995 1.00446471952025e-24 "2" "HIST1H4C"
1.99885237450893e-28 0.650638256872344 0.885 0.379 3.68228584432035e-24 "2" "TOP2A"
6.54078592071568e-20 0.738559044517101 0.958 0.748 1.20494358231424e-15 "2" "UBE2C"
1.26085067804907e-18 0.656549833680093 0.552 0.21 2.322739119102e-14 "2" "MKI67"
4.55864489854496e-55 0.594046696930859 0.967 0.324 8.39793563209952e-51 "3" "PAQR7"
8.80425106599918e-51 0.855001690453319 1 0.997 1.62191913137837e-46 "3" "SLC17A8"
5.01663093494467e-50 0.838495212841482 1 0.947 9.24163750835506e-46 "3" "CTNNB1"
2.890314651397e-49 0.796999044280698 1 0.944 5.32453765080355e-45 "3" "PTPRS"
8.73713658069069e-49 0.799085772115483 1 0.998 1.60955530089484e-44 "3" "HNRNPH1"
5.64828805948819e-44 0.637549801817697 1 0.929 1.04052762631891e-39 "3" "MDM4"
1.30123169259809e-42 0.635161698484304 1 0.714 2.39712902410419e-38 "3" "AFMID"
2.78277058824349e-42 0.656823800035397 1 0.875 5.12641997766216e-38 "3" "INSR"
4.48903377121769e-42 0.439271062012885 1 0.992 8.26969801333723e-38 "3" "SUMF2"
1.31611796014035e-40 0.376779243250241 1 1 2.42455250617055e-36 "3" "EIF5A"
3.57610736047333e-40 0.435769936076188 1 0.986 6.58790497946397e-36 "3" "EIF2S3"
2.78576606881282e-39 0.641109413648468 0.891 0.409 5.13193825196697e-35 "3" "RNF122"
5.2818184666518e-39 0.301567936922081 0.728 0.164 9.73016597926595e-35 "3" "RP11-277B15.3"
3.56941548581451e-37 0.437913131074375 1 0.964 6.57557720796748e-33 "3" "WTAP"
2.80035875523122e-36 0.38540552889428 1 0.996 5.15882089888696e-32 "3" "SAR1A"
5.45754554273174e-36 0.625360098272722 1 0.859 1.00538903988204e-31 "3" "ADRB1"
2.68314478842452e-35 0.45602252972647 1 0.942 4.94288932923565e-31 "3" "CAPZA1"
2.98318490333347e-35 0.38831988136826 1 0.994 5.49562322892092e-31 "3" "STEAP2"
3.38908559746414e-35 0.279465087241687 0.576 0.116 6.24337348764844e-31 "3" "XYLT2"
2.39373746587933e-34 0.381473560735149 1 0.997 4.40974315964291e-30 "3" "CDC42"
3.25813399811956e-33 0.506028789729824 0.957 0.65 6.00213445133586e-29 "3" "CDC42SE1"
4.55064133878031e-31 0.340643893161387 1 0.989 8.38319147430109e-27 "3" "SRSF6"
4.8898157414241e-31 0.515742682914786 0.978 0.775 9.00801855885148e-27 "3" "RASGEF1B"
1.34678832879943e-27 0.309110289259299 1 0.989 2.4810534593143e-23 "3" "MARCH6"
1.59750254223885e-26 0.462668306156658 0.989 0.836 2.9429191833124e-22 "3" "AXL"
6.52378125015606e-26 0.386858570621502 0.859 0.437 1.20181098190375e-21 "3" "AMFR"
7.49301346485072e-26 0.378657713158467 0.989 0.761 1.3803629404948e-21 "3" "CNOT6L"
1.19166319209151e-25 0.406158796702582 0.87 0.44 2.19528193247099e-21 "3" "B4GALT1"
3.66507840116981e-25 0.397255011177524 1 0.96 6.75180743063503e-21 "3" "ENPP1"
4.19272883485331e-25 0.392191727728297 1 0.977 7.72384505956677e-21 "3" "IRF2BPL"
4.66629651662468e-25 0.430971887607793 0.913 0.649 8.59625144292599e-21 "3" "RREB1"
4.72978929891205e-24 0.371144632486721 0.989 0.814 8.71321784645578e-20 "3" "LETM1"
5.16688458493065e-24 0.402174276052835 0.978 0.807 9.51843478235924e-20 "3" "THAP5"
4.69602057727214e-23 0.336758696150594 0.804 0.376 8.65100910745074e-19 "3" "SERPINI1"
8.17183988876431e-23 0.392290029331918 0.957 0.607 1.50541634430816e-18 "3" "GIGYF1"
3.16928668617976e-22 0.414506937942625 0.902 0.623 5.83845993328036e-18 "3" "DCAKD"
3.73851238193594e-22 0.30965341997372 0.685 0.266 6.88708751000238e-18 "3" "MTA2"
9.76433140544486e-22 0.374499552310367 0.913 0.568 1.79878513151105e-17 "3" "ANKRD40"
1.03475958368023e-21 0.487631904803281 0.967 0.801 1.90623410505572e-17 "3" "HCAR2"
5.42308998280508e-21 0.287628074371004 1 0.984 9.99041636632352e-17 "3" "ATP6AP2"
6.68304559062077e-21 0.280100168019198 1 0.987 1.23115065870416e-16 "3" "TMED4"
9.38262994276156e-21 0.269671811487336 1 0.983 1.72846808805554e-16 "3" "PNPLA8"
1.18384773015212e-20 0.330753071406204 1 0.837 2.18088428848624e-16 "3" "UBA6"
3.07102836780274e-20 0.377260089411866 0.978 0.872 5.65744845916621e-16 "3" "APOBEC3C"
4.17145991945234e-20 0.270501321249405 1 0.964 7.68466346361509e-16 "3" "TMEM106B"
8.30999343753485e-20 0.300023220938967 1 0.942 1.53086699106267e-15 "3" "WDR43"
2.23306502462423e-19 0.322499545319371 1 0.942 4.11375238836277e-15 "3" "TLE3"
2.9382135529557e-19 0.28745156842255 1 0.975 5.41277700725499e-15 "3" "TNRC6B"
8.29238307644469e-19 0.323549753586603 0.989 0.777 1.52762281034264e-14 "3" "SEC22B"
8.67197375370295e-19 0.262899566676501 1 1 1.59755100490716e-14 "3" "RBM11"
1.45280210134676e-18 0.261678584366631 0.978 0.972 2.676352031101e-14 "3" "PDCD4"
1.74722558697216e-18 0.283191061946506 0.728 0.367 3.21873897632011e-14 "3" "HIST1H3E"
2.43693514210866e-18 0.312447703886828 1 0.958 4.48932191879258e-14 "3" "PPP1CB"
3.24451359412359e-18 0.286593789466188 1 0.951 5.97704294309448e-14 "3" "RBM6"
5.88001098269277e-18 0.271302320165689 0.989 0.93 1.08321562323166e-13 "3" "CMTM6"
8.31800340324304e-18 0.279876420057019 1 0.925 1.53234258694543e-13 "3" "TP53"
9.00612578726514e-18 0.261747345413773 0.717 0.346 1.65910849252998e-13 "3" "C15orf52"
9.89876702846825e-18 0.290970848837321 0.967 0.847 1.82355086198442e-13 "3" "SLC30A5"
1.1990296552021e-17 0.28084008829291 0.978 0.925 2.20885243081331e-13 "3" "CTTN"
1.82279536760543e-17 0.284930034953036 0.967 0.783 3.35795362620273e-13 "3" "METTL2B"
2.13093997087206e-17 0.34989559261941 1 0.924 3.9256176143405e-13 "3" "CBX6"
2.45229478545465e-17 0.295311014734431 0.978 0.81 4.51761745376455e-13 "3" "DCUN1D1"
2.64264441800315e-17 0.281378069601931 0.935 0.578 4.86827954684539e-13 "3" "ACOX1"
5.19706900549785e-17 0.266078768647142 0.989 0.951 9.57404052192815e-13 "3" "SERINC1"
6.65738151142856e-17 0.288447942313836 0.902 0.613 1.22642282203537e-12 "3" "CYFIP1"
1.07323738492486e-16 0.365856236442513 0.957 0.743 1.97711791050857e-12 "3" "SERINC5"
1.47072711626838e-16 0.301788539011384 1 0.959 2.7093734935896e-12 "3" "WDR12"
1.74381849285486e-16 0.307508413006067 0.957 0.775 3.21246242753721e-12 "3" "PPP3CA"
2.40740060215785e-16 0.325794024921124 0.859 0.58 4.4349133892952e-12 "3" "ZC3H4"
2.41669762223823e-16 0.450493199064649 0.837 0.556 4.45204035968728e-12 "3" "HCAR3"
1.33626117857197e-15 0.301725718268519 1 0.938 2.46166034316528e-11 "3" "RP11-138A9.1"
1.39359264296591e-15 0.261544556834846 0.978 0.918 2.5672763668718e-11 "3" "TRA2A"
2.22782950246236e-15 0.401176876455459 1 0.947 4.10410750943616e-11 "3" "SOX11"
2.83352557405879e-15 0.260547891041947 1 0.972 5.21992081253111e-11 "3" "UBE2W"
3.12705017261618e-15 0.266785062035826 0.848 0.524 5.76065182799352e-11 "3" "DHRS4"
4.16963641546208e-15 0.293177622718518 0.837 0.556 7.68130420456424e-11 "3" "PIM2"
8.71359208266447e-15 0.266012879521101 0.967 0.82 1.60521793346845e-10 "3" "ZNF397"
1.12147366498138e-14 0.321240149621833 0.935 0.784 2.0659787856287e-10 "3" "ZNF652"
2.00600677041013e-14 0.274047216669751 0.88 0.722 3.69546567244954e-10 "3" "COX16"
2.02661316872195e-14 0.267406101027183 0.957 0.788 3.73342677941958e-10 "3" "SYNJ2BP"
2.43027789252647e-14 0.263088597464272 1 0.934 4.47705793361226e-10 "3" "SMAD9"
3.22569635543878e-14 0.286175199835619 0.946 0.742 5.94237782598933e-10 "3" "TOB1"
1.70931468386617e-13 0.261471415196527 0.87 0.603 3.14889951061826e-09 "3" "ADAM17"
3.91341651833759e-13 0.304036493166675 0.913 0.721 7.20929591008152e-09 "3" "TSPYL1"
4.05376416165316e-13 0.267131437891743 0.957 0.753 7.46784433859746e-09 "3" "PAAF1"
7.10711687934337e-13 0.262031704830712 0.935 0.709 1.30927307151264e-08 "3" "BCL10"
1.78460259035039e-12 0.258667004601504 1 0.998 3.28759489194348e-08 "3" "TNFAIP6"
2.03369205156977e-12 0.258821364464922 0.913 0.739 3.74646749740183e-08 "3" "TBPL1"
2.12852610031648e-12 0.259572606779492 0.815 0.532 3.92117078200302e-08 "3" "ENPP3"
2.23098594317271e-12 0.26479292498519 0.804 0.517 4.10992230451276e-08 "3" "CASP2"
3.15492971137264e-12 0.261589689877856 0.902 0.717 5.81201151429067e-08 "3" "GTPBP8"
1.1135499097631e-11 0.282869855903742 0.957 0.908 2.05138164376559e-07 "3" "TMEFF2"
3.46838587591653e-11 0.263674685712932 0.935 0.771 6.38946046061343e-07 "3" "ELMSAN1"
4.53871993210653e-11 0.265429407987616 0.826 0.604 8.36122985892664e-07 "3" "TMEM159"
7.26049957599433e-11 0.261790812137899 0.783 0.585 1.33752923188968e-06 "3" "DPP8"
9.74945546602883e-11 0.343490073663278 0.978 0.834 1.79604468595183e-06 "3" "MSMO1"
1.01582223201012e-10 0.260159513049081 0.88 0.643 1.87134771580905e-06 "3" "ITCH"
1.95849594456173e-10 0.280279315655468 1 0.993 3.60794122907161e-06 "3" "IDI1"
1.92946309767095e-07 0.259751289262778 0.967 0.887 0.00355445691852943 "3" "PTGER3"
0.0001264224323195 0.405747742666307 0.88 0.854 1 "3" "NTS"
4.09996531551866e-76 1.04387608086883 0.973 0.162 7.55295610424847e-72 "4" "FOXM1"
2.41928865341612e-74 1.40238540021099 1 0.219 4.45681355732317e-70 "4" "TROAP"
3.42947815680377e-65 1.37027765794359 0.945 0.192 6.3177846604639e-61 "4" "MKI67"
1.67856571978949e-62 0.970290716536198 0.945 0.212 3.0922537689962e-58 "4" "PRR11"
6.72372906322991e-55 1.55223614873193 0.89 0.22 1.23864536802821e-50 "4" "CDC20"
9.7949332263726e-55 0.603379377926446 0.493 0.041 1.80442259896236e-50 "4" "SAPCD2"
4.09195227619724e-53 0.889588457299587 0.603 0.07 7.53819448321056e-49 "4" "CENPA"
1.12790943672592e-51 1.52232769080698 1 0.433 2.07783476433648e-47 "4" "BIRC5"
8.85882358729719e-48 0.813280004090665 0.959 0.3 1.63197248125189e-43 "4" "MND1"
1.07297811784955e-46 0.92677306388014 0.575 0.078 1.97664028870243e-42 "4" "DLGAP5"
2.01579999865979e-45 1.01773691908363 1 1 3.71350675753106e-41 "4" "HMGN2"
5.22964012474902e-45 0.736827458171806 0.589 0.086 9.63404303781264e-41 "4" "HMMR"
5.92195102951082e-45 1.66864378077934 1 0.811 1.09094181865648e-40 "4" "PTTG1"
1.12057633010026e-43 0.920991843172198 1 1 2.0643257153107e-39 "4" "TUBA1B"
4.2263539619705e-43 0.613856001328901 1 1 7.78578926874206e-39 "4" "STMN1"
1.37059238027709e-42 1.16799515488996 0.89 0.301 2.52490528294646e-38 "4" "CCNB2"
3.92636396349571e-42 0.819795089031511 1 0.993 7.23314769355179e-38 "4" "H2AFV"
4.12498622392905e-42 0.891414218175679 1 0.823 7.5990496217221e-38 "4" "HMGB3"
7.06226067865119e-42 0.829621985421015 0.753 0.18 1.30100966222112e-37 "4" "CDCA3"
1.84608653503102e-41 0.801875694101997 0.589 0.095 3.40086061483415e-37 "4" "FAM64A"
2.25260382351895e-41 0.58419593645534 0.795 0.189 4.14974676368661e-37 "4" "TMSB15A"
5.00896777696768e-41 0.547178501306212 1 0.976 9.22752043872986e-37 "4" "ANAPC15"
7.73819277785112e-41 0.539165155972159 1 1 1.42552987353573e-36 "4" "PLP2"
1.32253549533639e-40 1.05833390292393 0.986 0.557 2.43637488950871e-36 "4" "CENPW"
1.02964012248666e-39 0.656176120476902 0.589 0.096 1.89680303364493e-35 "4" "NUF2"
1.05540371989636e-39 1.02872041341609 1 1 1.94426473279307e-35 "4" "H2AFZ"
1.21201145836484e-38 0.584256761115095 0.836 0.239 2.23276750859972e-34 "4" "C12orf75"
2.52345115399056e-38 0.838564209446229 1 0.572 4.64870171588142e-34 "4" "CENPN"
2.61561448682498e-38 1.63279765337974 1 0.749 4.81848500762897e-34 "4" "UBE2C"
3.43076251371308e-38 0.749542350982089 1 0.647 6.32015070276224e-34 "4" "LL21NC02-1C16.2"
6.11098359958089e-38 0.668447855552675 0.932 0.404 1.12576539871479e-33 "4" "ENDOG"
7.37902578241423e-37 0.747396824726118 0.945 0.491 1.35936412963635e-32 "4" "CRNDE"
7.68487180169884e-36 1.12012098614742 1 0.765 1.41570708330896e-31 "4" "KIAA0101"
8.72297920265656e-36 0.749583780291893 1 0.851 1.60694722871339e-31 "4" "PRAC2"
1.104833740187e-34 0.696328903780815 0.986 0.523 2.03532471617249e-30 "4" "FASN"
1.7901051828037e-34 1.10955317571021 1 0.65 3.29773176776098e-30 "4" "TYMS"
4.69578874822095e-34 0.681313939315504 1 0.944 8.65058203197263e-30 "4" "SQLE"
6.61519738202954e-34 0.8445346185178 0.986 0.811 1.21865166171748e-29 "4" "MZT1"
7.28832952718731e-34 1.49754978226384 0.973 0.575 1.34265606549845e-29 "4" "CENPF"
9.04147067114107e-34 0.653257506621138 0.712 0.186 1.66561972703761e-29 "4" "KIF4A"
2.41744195939241e-33 0.995420349374135 1 0.963 4.45341157759269e-29 "4" "UBE2S"
3.28778961024736e-33 0.572699589112403 1 1 6.05676601999768e-29 "4" "HN1"
4.4935358514092e-33 0.997602613736756 0.918 0.42 8.27799174546603e-29 "4" "ZWINT"
6.7724251661339e-33 0.562258334034702 1 0.835 1.24761616410519e-28 "4" "DHCR24"
1.56727321998458e-32 0.549248515669717 1 0.95 2.88723072585559e-28 "4" "HMGN5"
1.71765648550473e-32 0.593115602415217 0.575 0.118 3.16426677759681e-28 "4" "CASC5"
2.57428630331199e-32 0.639552298812608 1 1 4.74235022796135e-28 "4" "LGALS1"
4.30257394763876e-32 0.57081249855931 1 0.577 7.92620172634012e-28 "4" "CTNNAL1"
1.16823393414029e-31 0.693178125163654 0.986 0.578 2.15212055347324e-27 "4" "DHFR"
8.08104225794941e-31 0.551335091554316 1 0.945 1.48868960475944e-26 "4" "WDR34"
1.75425815513277e-30 0.547377905631494 1 0.976 3.23169437338558e-26 "4" "GGH"
2.18256970469354e-30 0.688943970069751 1 0.918 4.02072990998644e-26 "4" "KRT17"
2.60124815170147e-30 0.688949086240729 0.808 0.303 4.79201934506445e-26 "4" "NCAPD2"
3.10284717818933e-30 0.938574468390063 0.822 0.352 5.71606507166038e-26 "4" "CENPM"
5.37605221835405e-30 0.909194631258544 0.932 0.46 9.90376339665183e-26 "4" "PRC1"
5.83412769421593e-30 0.809377765111326 1 0.995 1.07476300382846e-25 "4" "ARL6IP1"
9.27845300451666e-30 0.586962095733798 1 0.957 1.70927661249206e-25 "4" "MMAB"
4.15003968060014e-29 0.657153896211606 0.904 0.369 7.64520309960157e-25 "4" "TK1"
2.4750709963117e-28 0.772837076631682 0.986 0.911 4.55957578940542e-24 "4" "DTYMK"
4.50369221319805e-28 0.575582875719385 0.986 0.689 8.29670179515345e-24 "4" "SUN2"
6.76605680958879e-28 0.565013355576548 1 0.968 1.24644298546245e-23 "4" "ACAT2"
5.33577110034842e-27 0.595657468689378 1 0.838 9.82955752106186e-23 "4" "CCDC34"
6.94016250018999e-27 0.539535272285105 0.945 0.45 1.278516735785e-22 "4" "MVK"
2.48460438859483e-26 0.934123420675069 0.671 0.224 4.5771382046694e-22 "4" "CENPE"
3.78538947917817e-26 0.660045878156852 0.973 0.718 6.97344449854203e-22 "4" "RP11-660L16.2"
6.02537945478566e-26 0.775151715130873 0.863 0.423 1.10999540316061e-21 "4" "RRM2"
7.14045887369258e-26 0.555152765723047 0.479 0.099 1.31541533371165e-21 "4" "KIF14"
2.7540846883707e-25 0.878474920838385 0.548 0.148 5.0735748129165e-21 "4" "GTSE1"
1.30408653578632e-24 0.99103653598073 0.986 0.923 2.40238821622556e-20 "4" "CDKN3"
1.39245124895755e-24 0.633462963271814 0.507 0.12 2.56517369082959e-20 "4" "TACC3"
1.67424440149855e-24 0.576613754379835 0.973 0.87 3.08429303644063e-20 "4" "SKA2"
2.40409070319145e-24 0.609924495910172 0.986 0.881 4.42881589341929e-20 "4" "RNASEH2A"
4.2302377828143e-24 0.568016451634906 1 0.73 7.7929440435005e-20 "4" "HMGCR"
1.30074307462653e-23 1.00726914337604 0.699 0.253 2.396228892077e-19 "4" "PBK"
1.61282292361942e-23 0.750363002450947 0.945 0.639 2.9711423898917e-19 "4" "SMC2"
4.95876368355395e-23 0.959075517229722 0.932 0.723 9.13503445784309e-19 "4" "SMC4"
8.63803522739618e-22 0.637527776943688 0.726 0.318 1.59129884959092e-17 "4" "ECT2"
2.44654862369606e-21 0.587885513074336 0.589 0.19 4.50703187457288e-17 "4" "MXD3"
8.49879658830465e-21 0.536621090054756 0.986 0.976 1.56564830749748e-16 "4" "ANP32E"
1.79254800509565e-20 1.15212416698297 0.808 0.46 3.3022319349872e-16 "4" "CCNB1"
2.34707370136925e-20 1.26803547444298 0.74 0.398 4.32377917266242e-16 "4" "TOP2A"
5.70522987626695e-20 0.621814172653884 0.986 0.861 1.0510174478059e-15 "4" "VIM"
1.65397877370298e-19 0.60133679346144 0.507 0.146 3.04695969691563e-15 "4" "KIF2C"
2.24532662512803e-19 0.582398059085514 1 0.998 4.13634070881087e-15 "4" "CKS2"
4.47068238820963e-18 0.59151527179818 1 0.835 8.23589109555979e-14 "4" "MSMO1"
8.1873039597819e-18 0.590144247200702 0.562 0.211 1.50826513547102e-13 "4" "SGOL2"
2.31077595859261e-17 0.826683813722448 0.795 0.501 4.25691147091931e-13 "4" "PLK1"
1.72533698562475e-16 0.703392527902475 0.836 0.665 3.17841579491791e-12 "4" "MAD2L1"
6.99211977716264e-15 0.534799879049136 0.562 0.243 1.2880883053489e-10 "4" "KIF11"
1.72638129474592e-14 0.714560411443402 0.753 0.501 3.18033962118093e-10 "4" "KIF20B"
3.41039176748426e-14 0.613578983106327 1 0.99 6.2826237140595e-10 "4" "CKS1B"
1.6576960241278e-12 0.627448640787691 0.863 0.644 3.05380761564824e-08 "4" "UBE2T"
2.90679767324705e-11 1.01049674238716 0.753 0.615 5.35490267365572e-07 "4" "NUSAP1"
3.35676692565139e-11 1.02380832896275 0.507 0.266 6.18383603043499e-07 "4" "ASPM"
5.60185148984781e-10 0.582118519387281 0.767 0.663 1.03197308145976e-05 "4" "KIF22"
6.55031088691303e-10 0.870535981124879 1 0.995 1.20669827158712e-05 "4" "HMGB2"
5.08769878642937e-09 0.699179072485389 0.932 0.88 9.37255870436019e-05 "4" "KPNA2"
2.53074983448709e-07 0.920521143436607 0.699 0.602 0.00466214734509212 "4" "TPX2"
9.2347050546083e-07 0.62790752288861 0.616 0.465 0.0170121736515994 "4" "AURKA"
0.000287040560414472 0.704575455841746 0.589 0.526 1 "4" "CDK1"
1.20254636866501e-57 0.333996955224609 0.394 0.009 2.21533092035467e-53 "5" "CTD-2203K17.1"
1.00071397871217e-20 0.470661373151444 1 0.999 1.84351529158355e-16 "5" "SCP2"
2.18314380770878e-17 0.353201838918674 1 1 4.02178752256112e-13 "5" "AHCY"
7.78412292099305e-17 0.476626549234596 1 0.936 1.43399112450534e-12 "5" "HADH"
1.34895284768861e-16 0.346334206652297 1 1 2.48504093601195e-12 "5" "LAMTOR2"
2.09657955459414e-16 0.557982458702335 0.939 0.642 3.86231885547333e-12 "5" "SMKR1"
2.83017306479205e-16 0.406333438563765 1 0.999 5.21374481995992e-12 "5" "RNF187"
2.76367439426925e-15 0.343240492017778 1 1 5.09124096912281e-11 "5" "TRAPPC2L"
7.13473293409569e-15 0.473150130025862 0.758 0.305 1.31436050111911e-10 "5" "AIF1"
2.64650570254468e-14 0.510770244126313 1 0.841 4.87539280522782e-10 "5" "APOO"
2.82757891291176e-14 0.428232263125278 0.788 0.338 5.20896587336605e-10 "5" "RP3-500L14.2"
1.03342375121173e-13 0.503200720065074 0.97 0.932 1.90377323448224e-09 "5" "CDK5"
1.68569150157359e-13 0.46490991935984 0.97 0.745 3.10538088419887e-09 "5" "DERA"
3.6227991423575e-13 0.390942029856272 0.545 0.15 6.67392058005099e-09 "5" "ADNP-AS1"
5.78887391879073e-13 0.39798493635698 1 0.975 1.06642635331963e-08 "5" "GSTM5"
1.93324317963567e-12 0.437905003282122 0.97 0.839 3.56142058552483e-08 "5" "COMMD10"
3.81320822456092e-12 0.48546444708142 0.97 0.921 7.02469219128613e-08 "5" "PDCL3"
4.65242216577812e-12 0.40030015938497 1 0.999 8.57069211379645e-08 "5" "HELQ"
6.30359380498092e-12 0.343040060554769 1 0.998 1.16124805075359e-07 "5" "PSMD2"
7.14855113939869e-12 0.547541900818857 0.697 0.315 1.31690609090003e-07 "5" "EFR3A"
8.71697674664084e-12 0.457364589633342 0.848 0.595 1.60584145626618e-07 "5" "TTLL1"
2.53875282905628e-11 0.36217763640025 0.515 0.153 4.67689046168748e-07 "5" "PID1"
3.77161147542195e-11 0.374313408292775 1 0.894 6.94806266002231e-07 "5" "C12orf45"
4.53577813581332e-11 0.408214620676493 1 0.884 8.35581048179529e-07 "5" "FOPNL"
6.528640078059e-11 0.322722310983557 1 0.98 1.20270607518003e-06 "5" "C7orf73"
6.5907356370991e-11 0.439710290134124 0.848 0.572 1.2141453190664e-06 "5" "TMEM167B"
6.61801443524625e-11 0.48042581701345 0.879 0.761 1.21917061926107e-06 "5" "DLEU1"
7.10979339279329e-11 0.324219469202 1 1 1.30976613882038e-06 "5" "BANF1"
8.9326686911239e-11 0.467300565966964 0.97 0.956 1.64557622627885e-06 "5" "NIPSNAP1"
1.03924200231845e-10 0.423875217956251 0.727 0.387 1.91449161667104e-06 "5" "PECR"
1.33708979030963e-10 0.469705635495148 0.97 0.907 2.46318681170839e-06 "5" "ACADM"
1.69378613628605e-10 0.337019147798497 1 0.998 3.12029282026615e-06 "5" "ARF5"
2.83783459175729e-10 0.362669656894566 1 0.971 5.22785888493527e-06 "5" "MRPS2"
3.48680386119746e-10 0.361118746853679 1 0.99 6.42339007309795e-06 "5" "ANAPC13"
3.59825902873703e-10 0.335252393307546 1 0.983 6.62871278273936e-06 "5" "AAMP"
4.69364929168165e-10 0.400577443717581 1 0.958 8.64664072513593e-06 "5" "GSTM4"
8.0513126409886e-10 0.338049466733899 1 0.995 1.48321281472292e-05 "5" "GLRX3"
8.23685918612217e-10 0.392844602012824 0.97 0.973 1.51739419926743e-05 "5" "SNAP23"
1.38685919404168e-09 0.336432662655127 0.97 0.947 2.55487200726358e-05 "5" "PRTFDC1"
1.57218524727177e-09 0.437271576582991 0.818 0.667 2.89627966252406e-05 "5" "TDP2"
1.76734928055132e-09 0.382688407856734 0.909 0.831 3.25581084463164e-05 "5" "NME7"
1.83903723830474e-09 0.335138337834851 1 0.995 3.38787440040499e-05 "5" "ALDH1A1"
1.84859025582467e-09 0.35051167733884 0.909 0.965 3.40547296928021e-05 "5" "SF3B4"
2.13897008088277e-09 0.332637015856976 1 0.998 3.94041068300223e-05 "5" "PFN2"
6.38646238226505e-09 0.41123619338478 1 0.988 0.000117651410006087 "5" "PRKAG1"
7.75685823549727e-09 0.406524052802554 0.576 0.243 0.000142896842414331 "5" "DAW1"
8.98294762600466e-09 0.324312089380826 1 0.993 0.000165483861166258 "5" "TMEM261"
1.07411573578787e-08 0.430977552749414 0.545 0.232 0.000197873600846842 "5" "TCP10L"
1.42886446440471e-08 0.357789347146991 0.636 0.351 0.000263225411632636 "5" "PAGR1"
1.68178545263569e-08 0.376944990754437 0.909 0.925 0.000309818516084547 "5" "TXNRD1"
2.0368830335504e-08 0.4040704592048 0.848 0.814 0.000375234592440655 "5" "SCOC"
2.10090105469879e-08 0.362102888714525 0.848 0.715 0.00038702799229661 "5" "KIAA0196"
2.24871669107654e-08 0.337256982357516 0.515 0.198 0.000414258588830121 "5" "UPP1"
2.39554455046297e-08 0.364270469058854 0.667 0.407 0.000441307217086288 "5" "PRUNE"
3.00670491472969e-08 0.367594806619812 0.939 0.958 0.000553895179391503 "5" "COMMD9"
3.01427210374663e-08 0.388421922992067 0.576 0.271 0.000555289206952204 "5" "ZNF212"
3.23739362778372e-08 0.413835067859822 0.727 0.524 0.000596392654110318 "5" "L3MBTL2"
4.23449040583893e-08 0.327074104377982 0.848 0.757 0.000780077822563648 "5" "C9orf114"
4.609417927726e-08 0.374580630715423 1 0.993 0.000849146970645683 "5" "MRPL10"
7.99784066386457e-08 0.373517515433316 0.848 0.872 0.00147336220709713 "5" "UCHL3"
1.02939730566663e-07 0.341543223126166 0.788 0.654 0.00189635571649906 "5" "NT5DC1"
1.27392611185834e-07 0.358576717030755 0.758 0.526 0.00234682668326543 "5" "AZIN1-AS1"
1.44631295524227e-07 0.357870667195646 0.879 0.969 0.00266439772614731 "5" "PEF1"
1.60091823109291e-07 0.327722623426065 0.818 0.706 0.00294921156531935 "5" "ANXA4"
1.6633235763226e-07 0.369091493964057 0.667 0.428 0.0030641746923015 "5" "GNGT2"
1.73968039513604e-07 0.341585945012708 0.727 0.467 0.0032048392239196 "5" "TCERG1L"
2.80570718769441e-07 0.498997393684732 0.697 0.578 0.00516867378117064 "5" "PDE6B"
2.87880835107014e-07 0.343203697532447 0.788 0.708 0.00530334074434141 "5" "TRMT2A"
2.9979468432509e-07 0.337502512464165 0.848 0.719 0.00552281767463681 "5" "NUP85"
4.7393175495128e-07 0.398302311276194 0.788 0.658 0.00873077078971248 "5" "PPP5C"
4.7650412668361e-07 0.349038870483751 0.667 0.427 0.00877815902176546 "5" "ZNF738"
6.01416314194948e-07 0.352343159963778 0.97 0.895 0.0110792913400993 "5" "GNPDA1"
1.46787864254911e-06 0.344471625974574 0.818 0.755 0.0270412603530396 "5" "CTPS1"
1.88136493477228e-06 0.351324174234332 0.879 0.866 0.0346585048283748 "5" "S100A4"
2.06773035933924e-06 0.390312253233035 0.788 0.795 0.0380917286797474 "5" "LACTB2"
2.46613939501085e-06 0.353290017833223 0.758 0.707 0.0454312199348899 "5" "POLR1E"
2.67736770307404e-06 0.324123354121026 0.758 0.651 0.04932246782603 "5" "SPA17"
3.04528772590055e-06 0.342761677279723 0.697 0.586 0.05610029048654 "5" "DHODH"
3.38653434020727e-06 0.417217596376676 0.545 0.318 0.0623867356152983 "5" "EIF4EBP3"
3.42834537184816e-06 0.32616475858786 0.636 0.458 0.0631569784401869 "5" "LINC01106"
3.82347137180895e-06 0.361739552964149 1 0.994 0.0704359896114645 "5" "PGLYRP2"
5.84952514048301e-06 0.333747754135595 0.697 0.553 0.107759952137978 "5" "CTU2"
6.28604609825633e-06 0.362765723347933 0.909 0.923 0.115801541222078 "5" "CINP"
8.37538110238636e-06 0.383872660327159 0.788 0.791 0.154291270668162 "5" "RP11-539L10.3"
9.50373727352167e-06 0.330495203434322 0.97 0.981 0.175077848052816 "5" "PSMC2"
1.05854003230576e-05 0.373588283058688 0.576 0.371 0.195004244751368 "5" "AC003986.7"
1.32745518904169e-05 0.34714711973966 0.788 0.865 0.244543794925261 "5" "TMEM136"
1.56991708755621e-05 0.358753376625326 0.727 0.744 0.289210125869605 "5" "CAMK1G"
3.10583115577572e-05 0.324572106048954 0.727 0.711 0.572156215517003 "5" "NDRG2"
4.15160302038598e-05 0.34740972782945 0.667 0.602 0.764808308415505 "5" "LZTFL1"
5.97655275779787e-05 0.363332241588829 0.818 0.843 1 "5" "NPRL2"
9.9201837304876e-05 0.362840234128868 0.333 0.138 1 "5" "RP11-298I3.4"
0.000101327205138193 0.338142243173385 0.515 0.313 1 "5" "CDK2"
0.000259740700589005 0.339247309458959 0.667 0.696 1 "5" "RAB4B"
0.000294663498082514 0.386894891750267 0.667 0.655 1 "5" "RPAP3"
0.000317397592282737 0.357086970922049 0.333 0.152 1 "5" "RP11-483H20.4"
0.000440652258714465 0.324959187237937 0.485 0.329 1 "5" "PYROXD2"
0.000979268518938396 0.326395344124319 0.636 0.643 1 "5" "MTHFD2L"
0.00173765130056314 0.398636457122838 0.424 0.29 1 "5" "PANK1"
0.00467573310879238 0.339416713014657 0.515 0.482 1 "5" "STXBP1"
