"p_val" "avg_log2FC" "pct.1" "pct.2" "p_val_adj" "cluster" "gene"
3.35877244556519e-194 0.545187635572809 1 0.954 3.34500147853837e-190 "0" "PDE4DIP"
2.86670093670057e-183 0.655378117829832 1 0.995 2.8549474628601e-179 "0" "TMEM176A"
1.25078500777707e-180 0.549050238330801 1 1 1.24565678924518e-176 "0" "TMEM176B"
1.41405922959934e-171 0.562371911187883 1 0.999 1.40826158675798e-167 "0" "CACNG8"
1.39274670749034e-170 0.608690949694886 1 1 1.38703644598963e-166 "0" "DDX5"
6.70268075916593e-168 0.495513385374168 1 0.992 6.67519976805335e-164 "0" "ADGRG2"
3.27719953507295e-166 0.668902363867915 1 1 3.26376301697915e-162 "0" "CD63"
4.07560213251868e-165 0.701798862400062 1 1 4.05889216377535e-161 "0" "PHF20L1"
9.98371803890965e-165 0.776542333074361 1 1 9.94278479495012e-161 "0" "TSPAN8"
2.21915051383292e-159 0.528035875888529 1 0.989 2.2100519967262e-155 "0" "CXXC5"
3.90053622397858e-158 0.39360172992932 0.993 0.759 3.88454402546027e-154 "0" "CHGB"
6.76647084437322e-158 0.811176744945056 1 1 6.73872831391129e-154 "0" "TMSB4X"
5.44496597773206e-157 0.510104569822688 1 0.929 5.42264161722336e-153 "0" "ENPP1"
1.03496903379626e-155 0.477402207678137 1 1 1.03072566075769e-151 "0" "ATP5F1A"
6.64833277906243e-154 0.532312466075325 1 1 6.62107461466827e-150 "0" "JAKMIP2"
1.36817722767121e-151 0.437090969288461 1 0.999 1.36256770103776e-147 "0" "HUWE1"
3.55260020990484e-149 0.698030852144344 1 1 3.53803454904423e-145 "0" "PEG10"
8.59152526046625e-149 0.785000159791493 1 1 8.55630000689834e-145 "0" "LGALS1"
3.52345060167122e-146 0.695177886597927 1 1 3.50900445420437e-142 "0" "TNFAIP6"
1.11681252735835e-144 0.425140468126898 1 0.969 1.11223359599618e-140 "0" "OBSL1"
9.27747751671752e-144 0.452968330499248 1 0.883 9.23943985889898e-140 "0" "BHLHE22"
1.26968868929753e-143 0.419768664187057 1 0.995 1.26448296567141e-139 "0" "GRN"
1.9380649804766e-143 0.770116816922614 1 1 1.93011891405664e-139 "0" "NEAT1"
8.87764455711689e-142 0.611773011018852 1 1 8.84124621443271e-138 "0" "HLA-A"
2.09055507735031e-138 0.53148889035908 1 1 2.08198380153317e-134 "0" "HMCN1"
8.86482190666373e-138 0.396829889638642 1 0.983 8.82847613684641e-134 "0" "GSDMD"
2.29135557698243e-135 0.479647729781957 1 0.996 2.2819610191168e-131 "0" "CYP4F22"
3.78178169974555e-135 0.55512370678898 1 0.984 3.76627639477659e-131 "0" "DCN"
5.77238965662129e-135 0.503936228464422 1 1 5.74872285902914e-131 "0" "TPGS2"
8.83422805270975e-135 0.40804226994499 1 0.983 8.79800771769364e-131 "0" "CHD4"
1.16909977598199e-134 0.571099120659218 1 1 1.16430646690046e-130 "0" "ITM2A"
2.33258627741911e-134 0.655899690312007 1 1 2.3230226736817e-130 "0" "NPY1R"
4.1647126851232e-132 0.500246125354721 1 1 4.14763736311419e-128 "0" "KDSR"
1.17458854827868e-131 0.523213009831639 1 0.999 1.16977273523074e-127 "0" "SLC25A3"
5.09316965683483e-131 0.528603419224807 1 1 5.07228766124181e-127 "0" "OLFM1"
1.20433434565477e-130 0.400173607290741 1 0.985 1.19939657483759e-126 "0" "XKR4"
2.68906775435753e-129 0.45393690111971 1 0.994 2.67804257656466e-125 "0" "NPY5R"
6.28658740652342e-129 0.492895605483422 1 1 6.26081239815667e-125 "0" "PTMS"
7.84604856744659e-129 0.405815282339867 1 0.983 7.81387976832006e-125 "0" "CYP7B1"
5.47889183167491e-127 0.756937725273512 1 1 5.45642837516505e-123 "0" "FCGRT"
6.35062224341274e-126 0.40614425486999 1 1 6.32458469221475e-122 "0" "RABAC1"
2.82452939594273e-125 0.429082039046678 0.999 0.941 2.81294882541936e-121 "0" "BAMBI"
5.2484689206563e-125 0.407260324229295 1 0.998 5.22695019808161e-121 "0" "PSME2"
6.21478392852298e-124 0.490520247061948 1 1 6.18930331441604e-120 "0" "SERPINF1"
2.29501663891452e-123 0.417040704940009 1 0.999 2.28560707069497e-119 "0" "HLA-C"
4.18487057868066e-123 0.480909651576972 1 1 4.16771260930807e-119 "0" "CCND1"
9.18247340085478e-122 0.507019529305757 1 1 9.14482525991128e-118 "0" "PTPN13"
4.82267749794615e-120 0.406140312796339 1 0.999 4.80290452020457e-116 "0" "HNRNPM"
5.5868531327271e-119 0.42079723797108 1 0.988 5.56394703488292e-115 "0" "CAMK2N1"
9.18165530891882e-119 0.579832716203925 1 1 9.14401052215225e-115 "0" "RAMP1"
1.66902441428047e-117 0.468030452754215 1 1 1.66218141418192e-113 "0" "MYO10"
1.82764904137168e-117 0.447071442350184 1 1 1.82015568030206e-113 "0" "CCT6A"
2.64248083403711e-117 0.652116499663433 1 1 2.63164666261756e-113 "0" "LY6E"
2.77022539149734e-116 0.412205341908133 1 1 2.7588674673922e-112 "0" "PLEC"
2.4170322492635e-114 0.403724323815193 1 0.998 2.40712241704152e-110 "0" "EZH2"
1.12276629438324e-112 0.517395886870024 1 1 1.11816295257627e-108 "0" "DKK2"
1.65929512909491e-112 0.542733732851591 1 1 1.65249201906562e-108 "0" "NPW"
3.51531874365197e-112 0.475447717193397 1 1 3.500905936803e-108 "0" "ATP6AP2"
1.68658825780646e-111 0.628543733612166 1 1 1.67967324594945e-107 "0" "CRIP2"
6.29590142149491e-111 0.477534322161073 1 0.998 6.27008822566678e-107 "0" "BEX1"
6.58257245501398e-110 0.606273414179258 1 1 6.55558390794842e-106 "0" "HSPA8"
6.18888987628857e-108 0.39587287122716 1 1 6.16351542779579e-104 "0" "LDLR"
1.21930229790923e-107 0.597192098531075 1 1 1.2143031584878e-103 "0" "TWIST1"
2.14350245878945e-106 0.475852721708993 1 1 2.13471409870841e-102 "0" "FADS1"
5.42774778015965e-106 0.419217371919155 1 1 5.40549401426099e-102 "0" "SRSF7"
5.43749812440089e-106 0.47949747291839 1 1 5.41520438209084e-102 "0" "CDC37L1"
3.95145212717361e-104 0.428684025768814 1 1 3.9352511734522e-100 "0" "AHNAK"
1.08229668628328e-101 0.746947886552505 1 1 1.07785926986951e-97 "0" "RARRES2"
3.57461019510709e-101 0.481794293246312 1 1 3.55995429330715e-97 "0" "CYBA"
1.00993541361348e-100 0.475522407559518 1 1 1.00579467841767e-96 "0" "DBI"
4.56733899969277e-100 0.757778096640165 1 1 4.54861290979403e-96 "0" "CEBPD"
2.83781232745162e-98 0.608950353864016 1 1 2.82617729690907e-94 "0" "APOE"
4.87193228966994e-98 0.468805070381547 1 1 4.8519573672823e-94 "0" "NFKBIA"
5.50341994818847e-96 0.436173084688518 1 1 5.4808559264009e-92 "0" "HLA-B"
5.80250999724522e-96 0.409243791513222 1 1 5.77871970625652e-92 "0" "NDUFS6"
7.86191520442453e-96 0.404738137311354 1 1 7.82968135208639e-92 "0" "CLEC11A"
2.0310255844366e-95 0.44510508430224 1 1 2.02269837954041e-91 "0" "CFL1"
1.59740581898986e-89 0.448567813930965 1 0.999 1.590856455132e-85 "0" "TENT5A"
7.76511037020342e-89 0.481148046945029 1 1 7.73327341768559e-85 "0" "TUBA1A"
1.32331872219918e-88 0.624460163874004 1 1 1.31789311543816e-84 "0" "CRIP1"
1.47449302402356e-88 0.420302780298644 1 1 1.46844760262506e-84 "0" "ACTB"
1.96562435605962e-88 0.660237049528455 1 1 1.95756529619977e-84 "0" "TIMP1"
7.18963084016504e-87 0.39559737731067 1 1 7.16015335372036e-83 "0" "CCT5"
1.65012104625292e-86 0.412740699856815 1 1 1.64335554996328e-82 "0" "BSG"
1.68932425681549e-86 0.433978152878179 1 1 1.68239802736255e-82 "0" "UGT3A2"
4.04928771586546e-86 0.401855873148452 0.996 0.971 4.03268563623041e-82 "0" "NABP1"
9.15667929939281e-85 0.547245175684841 1 1 9.1191369142653e-81 "0" "CALCA"
2.98718402185453e-83 0.634736245428357 1 1 2.97493656736493e-79 "0" "MT-CYB"
3.45157532336259e-82 0.394580040518772 1 0.999 3.4374238645368e-78 "0" "PGLYRP2"
1.90723258610191e-81 0.400419636309369 1 1 1.89941293249889e-77 "0" "TRMT9B"
3.01272073671203e-80 0.62521935863354 1 1 3.00036858169151e-76 "0" "MT-CO2"
3.24604975071384e-71 0.449730024818865 1 1 3.23274094673591e-67 "0" "HSPB1"
5.88442262265039e-71 0.553841088049821 1 1 5.86029648989752e-67 "0" "IGFBP2"
1.09339350370244e-64 0.481690188156455 1 1 1.08891059033726e-60 "0" "HSPH1"
1.61186231493551e-63 0.403514561281537 1 1 1.60525367944427e-59 "0" "MYC"
5.27991944834271e-61 0.496262783642429 1 1 5.25827177860451e-57 "0" "MT-CO3"
4.6654313073948e-56 0.434412431776468 1 1 4.64630303903449e-52 "0" "ALDH7A1"
1.56093118566799e-42 0.39260996987218 1 1 1.55453136780676e-38 "0" "MT-CO1"
1.51519429490914e-41 0.489974299263995 1 0.993 1.50898199830001e-37 "0" "NMB"
5.87750569654539e-39 0.418143418472678 1 1 5.85340792318955e-35 "0" "MT-ATP6"
2.34476474158496e-140 1.01953371948682 1 1 2.33515120614446e-136 "1" "CLEC2B"
5.61585443905465e-140 0.551975425100174 1 1 5.59282943585452e-136 "1" "CRBN"
3.57337555424816e-137 0.581261002218258 1 0.993 3.55872471447574e-133 "1" "CAMK1G"
4.57893190185782e-133 0.814619955134635 1 1 4.56015828106021e-129 "1" "APOC1"
2.31313492255005e-127 0.373381911359934 1 0.984 2.3036510693676e-123 "1" "AC135893.1"
1.02673288359449e-126 0.667061237646206 1 0.91 1.02252327877176e-122 "1" "CA9"
4.54755236783679e-125 0.560597239726287 1 1 4.52890740312866e-121 "1" "IFI16"
3.589830247276e-121 0.335543759800518 1 0.991 3.57511194326217e-117 "1" "AC074387.1"
3.78787814464761e-120 0.576573660387449 1 1 3.77234784425456e-116 "1" "TMEM91"
4.72612679603692e-119 0.501299778096665 1 0.995 4.70674967617317e-115 "1" "ZNF395"
1.67698462024737e-117 0.362578387746226 1 1 1.67010898330436e-113 "1" "RPS9"
3.60023982847791e-117 0.627013529406233 1 1 3.58547884518115e-113 "1" "ID2"
8.73007555451342e-115 0.43116967311064 1 1 8.69428224473991e-111 "1" "PPP2R2A"
4.34960242517394e-114 0.431162365596967 1 0.993 4.33176905523073e-110 "1" "NCAM1"
3.56337632864584e-113 0.339649542483302 0.989 0.803 3.54876648569839e-109 "1" "NCMAP"
4.31189293359232e-111 0.425919038088251 1 0.992 4.29421417256459e-107 "1" "ICAM5"
1.85497432365088e-106 0.60375788467362 1 1 1.84736892892391e-102 "1" "EPB41L4A-AS1"
3.43228625397793e-106 0.409274506562813 0.983 0.706 3.41821388033662e-102 "1" "IL1RL1"
4.55027591734365e-106 0.292788537276664 1 0.988 4.53161978608254e-102 "1" "NIPAL3"
7.26048422740596e-106 0.285212136595044 1 0.953 7.2307162420736e-102 "1" "WDR86"
5.7822152388234e-105 0.426315585301069 1 1 5.75850815634422e-101 "1" "RPL41"
3.25603145067049e-103 0.393134571413289 1 1 3.24268172172274e-99 "1" "EIF1"
4.66145808339432e-103 0.594878237926183 1 1 4.64234610525241e-99 "1" "ZFAS1"
2.66781892428754e-102 0.520881910827109 0.991 0.875 2.65688086669796e-98 "1" "HCAR3"
9.61078487205272e-100 0.588352661497679 1 1 9.57138065407731e-96 "1" "GAS5"
2.9398278009799e-99 0.503019497970181 1 1 2.92777450699588e-95 "1" "SNHG1"
1.34753455668591e-97 0.490171806932663 1 1 1.34200966500349e-93 "1" "LY96"
1.86213373935841e-97 0.659953027223494 1 1 1.85449899102704e-93 "1" "NRN1"
2.59779843264571e-97 0.465876140672522 1 1 2.58714745907187e-93 "1" "SNHG7"
4.77944807597635e-94 0.53841777734743 0.996 0.928 4.75985233886485e-90 "1" "HCAR2"
1.2714688985353e-93 0.427692358476534 1 1 1.2662558760513e-89 "1" "TAF1D"
3.36142921450859e-93 0.411345628212119 1 1 3.3476473547291e-89 "1" "RPL12"
7.89657859804351e-93 0.408448787186674 1 1 7.86420262579153e-89 "1" "RBM11"
1.22602315000967e-91 0.336879007626416 1 1 1.22099645509464e-87 "1" "SNHG12"
2.22110181143663e-91 0.368356464086678 1 1 2.21199529400974e-87 "1" "MXI1"
5.14675208136951e-89 0.385508619783871 1 1 5.12565039783589e-85 "1" "SNHG29"
4.31391718184193e-88 0.361438350289605 1 1 4.29623012139638e-84 "1" "RPS27"
1.10300481193085e-87 0.360316404121166 1 0.991 1.09848249220193e-83 "1" "GBP2"
2.33772793158173e-85 0.506458256811234 1 1 2.32814324706224e-81 "1" "SLC2A3"
2.91109711777146e-85 0.287265393221325 1 1 2.8991616195886e-81 "1" "RPL28"
1.57850417457464e-84 0.375020031808567 1 1 1.57203230745888e-80 "1" "ASGR1"
6.16169550573088e-84 0.347671686181877 1 1 6.13643255415739e-80 "1" "RPS18"
7.31577958645309e-83 0.312885085411954 1 0.999 7.28578489014863e-79 "1" "BACH1"
9.80491543269519e-80 0.488519688757903 1 1 9.76471527942114e-76 "1" "HLA-E"
2.18838707889122e-79 0.272750493848838 1 1 2.17941469186777e-75 "1" "RCAN3"
7.008108231306e-78 0.30062086848924 1 1 6.97937498755764e-74 "1" "RPL26"
1.83771131133922e-77 0.305932049737315 1 1 1.83017669496273e-73 "1" "RPS24"
2.73945891118717e-77 0.292349046619608 1 0.999 2.72822712965131e-73 "1" "LPAR6"
3.80687797477793e-76 0.748102567544328 1 0.999 3.79126977508134e-72 "1" "NDRG1"
5.48185827926023e-74 0.504353603053901 1 1 5.45938266031526e-70 "1" "DUSP1"
1.12337372918406e-72 0.44021179681483 1 1 1.1187678968944e-68 "1" "FOS"
5.61712058259073e-71 1.03591262598462 1 0.996 5.59409038820211e-67 "1" "AKAP12"
1.4333500868921e-70 0.287955618978539 1 1 1.42747335153584e-66 "1" "CACNG3"
1.68801209037647e-70 0.284254221127037 1 0.993 1.68109124080592e-66 "1" "SLC1A3"
2.28944285135271e-69 0.367856194606028 1 1 2.28005613566216e-65 "1" "RAB13"
7.89360477178296e-65 0.700878265227413 1 1 7.86124099221865e-61 "1" "LINC00659"
1.16708239231112e-63 0.355692912621973 1 1 1.16229735450264e-59 "1" "LMO2"
5.86826114186565e-63 0.37511897253356 1 0.999 5.844201271184e-59 "1" "RND3"
2.50692526011885e-61 0.288999690555617 1 0.999 2.49664686655236e-57 "1" "LDB2"
2.86937173589805e-59 0.292323314697621 1 1 2.85760731178087e-55 "1" "LINC00632"
5.1471219372792e-59 0.320463722169151 1 1 5.12601873733636e-55 "1" "AGPAT2"
1.65482195956942e-58 0.383455034731534 1 1 1.64803718953518e-54 "1" "PAPPA"
3.27901112925691e-58 0.300663745173116 1 0.999 3.26556718362696e-54 "1" "HIST1H2BD"
7.16834445651972e-58 0.407439225778994 1 1 7.13895424424799e-54 "1" "FAM13A"
3.05495887500302e-57 0.317426682585988 0.996 0.979 3.0424335436155e-53 "1" "DIRC3"
6.01951857592385e-55 0.365213407583193 1 0.993 5.99483854976256e-51 "1" "GREB1"
1.12236818642499e-54 0.368280733410706 0.996 0.995 1.11776647686065e-50 "1" "LMCD1"
1.41539483944501e-54 0.357171350672337 1 1 1.40959172060329e-50 "1" "MALAT1"
3.28000541421892e-54 0.384520496630208 1 1 3.26655739202062e-50 "1" "BTG1"
7.25878999896525e-54 0.317612384376963 1 1 7.22902895996949e-50 "1" "PRMT2"
7.42664199896623e-53 0.324478626750155 0.998 0.998 7.39619276677047e-49 "1" "LAMB3"
1.96062210523146e-51 0.29619054616697 1 1 1.95258355460001e-47 "1" "FTL"
2.9203182706829e-50 0.574487540251316 1 1 2.9083449657731e-46 "1" "SOD2"
9.84116880034235e-50 0.364207476231343 1 0.997 9.80082000826094e-46 "1" "NFIL3"
1.20910393859788e-48 0.830894694836819 0.994 0.968 1.20414661244963e-44 "1" "CCL7"
2.52471273343177e-48 0.304469027910252 1 1 2.5143614112247e-44 "1" "PPP1R3B"
5.23773016055274e-48 0.373335327968159 1 1 5.21625546689448e-44 "1" "NAMPT"
8.10344025958832e-48 0.32772031558631 1 1 8.07021615452401e-44 "1" "IFITM1"
1.7145040299343e-47 0.536624104248089 1 1 1.70747456341157e-43 "1" "SOCS3"
1.92407715445245e-47 0.354374589340392 1 1 1.91618843811919e-43 "1" "PLSCR4"
1.78278286132424e-43 0.58012451320146 0.994 0.982 1.77547345159281e-39 "1" "EGR1"
6.40007514932873e-43 0.271893358046353 1 1 6.37383484121648e-39 "1" "OAS1"
2.05978502376217e-42 0.752099576966215 0.959 0.929 2.05133990516475e-38 "1" "AREG"
4.17663764128166e-40 0.36727164654788 1 0.997 4.1595134269524e-36 "1" "CDKN1A"
2.13417079164971e-39 0.351939308395006 0.808 0.662 2.12542069140394e-35 "1" "CXCL8"
9.13780512154394e-37 0.31128352695838 1 0.994 9.10034012054561e-33 "1" "SERPINE1"
1.92786710767497e-36 0.273520960653738 1 1 1.9199628525335e-32 "1" "S100A10"
2.36838184647408e-36 0.293068216757581 1 0.999 2.35867148090354e-32 "1" "ARRDC3"
2.43383177306465e-34 0.674435353788955 0.996 0.999 2.42385306279509e-30 "1" "CCL2"
4.98587099640277e-34 0.390617962428375 1 1 4.96542892531752e-30 "1" "JUNB"
5.07410658561048e-33 0.349043834137048 1 1 5.05330274860948e-29 "1" "CAV1"
1.26649071515785e-30 0.322390125617806 1 1 1.2612981032257e-26 "1" "HIST1H2AC"
2.56975856011658e-30 0.350048966595466 1 0.992 2.55922255002011e-26 "1" "SAMD12"
5.57342341697387e-30 0.270830620623006 1 1 5.55057238096428e-26 "1" "ADM"
1.04804246924763e-27 0.336608302270297 1 1 1.04374549512372e-23 "1" "IDI1"
7.42706092630177e-27 0.525979804499518 1 1 7.39660997650393e-23 "1" "IGFBP5"
1.96429132092573e-23 0.274141726059739 0.998 1 1.95623772650993e-19 "1" "DDIT4"
4.55127437012297e-23 0.41496312799697 1 0.999 4.53261414520547e-19 "1" "HOOK1"
3.00097496465617e-17 0.27584659697121 0.989 0.991 2.98867096730108e-13 "1" "TRIB1"
1.71141295012786e-15 0.671626138904468 1 1 1.70439615703233e-11 "1" "G0S2"
2.23851560064695e-100 0.755915552284439 1 1 2.2293376866843e-96 "2" "HSPA1A"
2.50249880609312e-80 0.400279524240361 1 0.996 2.49223856098814e-76 "2" "HSPA1B"
5.34326989629124e-72 0.485965288600244 1 1 5.32136248971644e-68 "2" "MT-ND3"
1.56191424744365e-60 0.304021446217779 1 1 1.55551039902913e-56 "2" "GAS1"
1.76886894020508e-60 0.483373229582097 1 1 1.76161657755024e-56 "2" "TSPAN13"
1.88984800331136e-59 0.298682225119759 1 0.999 1.88209962649778e-55 "2" "MAPT"
1.41553220380514e-56 0.335006869453274 1 1 1.40972852176954e-52 "2" "PERP"
3.6369509095959e-52 0.349824561952562 1 0.999 3.62203941086655e-48 "2" "RCN3"
6.94321782233952e-51 0.256626428409101 1 1 6.91475062926793e-47 "2" "GSTM3"
2.52764445169626e-47 0.427471759570697 1 1 2.5172811094443e-43 "2" "MT-CO1"
2.69771407395124e-47 0.3094628463203 1 1 2.68665344624804e-43 "2" "PPP1R1A"
3.03703030700139e-43 0.347681112091267 1 1 3.02457848274268e-39 "2" "SELENOP"
8.72508860051168e-43 0.438634797037595 1 1 8.68931573724958e-39 "2" "MT-ATP6"
4.27519711490519e-42 0.323467283281964 1 1 4.25766880673408e-38 "2" "CKB"
7.22436136958145e-42 0.363003653580094 1 1 7.19474148796616e-38 "2" "HSPB1"
7.42229461870337e-42 0.425877101679578 1 1 7.39186321076668e-38 "2" "ALDH7A1"
9.98953977512532e-42 0.613139206437237 1 0.994 9.9485826620473e-38 "2" "NMB"
3.70665236349925e-41 0.436228662023206 1 1 3.69145508880891e-37 "2" "MT-CO3"
1.90318659680053e-40 0.297272349503111 1 1 1.89538353175365e-36 "2" "ZYX"
4.49322882892053e-40 0.259687906926924 1 1 4.47480659072195e-36 "2" "SAP18"
7.94700309362843e-38 0.272501968982029 1 0.999 7.91442038094455e-34 "2" "EPB41"
1.68458762108433e-37 0.253177294633192 1 1 1.67768081183788e-33 "2" "STEAP1"
4.22545224767055e-35 0.285220181471328 1 0.996 4.2081278934551e-31 "2" "MIA"
4.2354297981963e-35 0.319668058553275 1 1 4.21806453602369e-31 "2" "MT-ND4"
6.58398603233029e-35 0.327172546082769 1 1 6.55699168959774e-31 "2" "MT-ND5"
2.15762769159509e-34 0.383864581410203 1 1 2.14878141805955e-30 "2" "RAMP1"
2.38997846671829e-34 0.333756011453594 1 1 2.38017955500474e-30 "2" "GDF10"
7.31062753634917e-33 0.405654039581032 1 1 7.28065396345014e-29 "2" "APOE"
7.34975231010687e-32 0.465850382489752 1 1 7.31961832563543e-28 "2" "MT-CO2"
6.11688023411655e-31 0.300874524847279 1 1 6.09180102515667e-27 "2" "HSP90AA1"
1.01601834102157e-30 0.349791794822302 1 1 1.01185266582338e-26 "2" "ATP6AP2"
1.94761953811676e-30 0.271802884159307 1 1 1.93963429801049e-26 "2" "SERPINF1"
2.37611346344911e-30 0.265469491099361 1 0.973 2.36637139824897e-26 "2" "ID3"
3.88053702183535e-26 0.421125819685106 1 1 3.86462682004582e-22 "2" "MT-CYB"
5.38915273566323e-25 0.386014209225158 1 1 5.36705720944701e-21 "2" "CCK"
1.4216058214246e-24 0.366458113033473 1 1 1.41577723755676e-20 "2" "HSPH1"
2.94827626718317e-21 0.290549642529487 1 1 2.93618833448772e-17 "2" "IGFBP2"
2.40442152506758e-20 0.264193063696023 1 1 2.3945633968148e-16 "2" "ITM2A"
2.56792331226032e-19 0.346196222203471 1 1 2.55739482668005e-15 "2" "RARRES2"
1.03444879010613e-18 0.292424056647928 1 1 1.03020755006669e-14 "2" "HSPA8"
3.37543906568737e-17 0.256279108993335 1 1 3.36159976551806e-13 "2" "UGT3A2"
4.32649533622081e-17 0.259007143913415 1 1 4.30875670534231e-13 "2" "SCG2"
2.44363576230775e-13 0.272620626619174 1 1 2.43361685568229e-09 "2" "FCGRT"
1.25376178298404e-139 1.07346381031037 1 0.725 1.24862135967381e-135 "3" "SELENOM"
7.82006219433022e-139 1.18974700674735 1 1 7.78799993933346e-135 "3" "SELENOK"
2.79821042318838e-138 1.13695771141246 1 1 2.78673776045331e-134 "3" "ARF4"
3.77285604567272e-138 1.9039750473686 1 0.995 3.75738733588546e-134 "3" "DNAJB9"
6.38076659383323e-136 1.69685446001905 1 1 6.35460545079851e-132 "3" "P4HB"
2.31309578700774e-135 1.8011843700534 1 1 2.30361209428101e-131 "3" "PPIB"
6.66243029300329e-135 1.80711126186171 1 0.999 6.63511432880198e-131 "3" "NUCB2"
1.35667385608081e-134 1.51641858128232 1 1 1.35111149327088e-130 "3" "SERP1"
3.21710487352288e-134 2.05729885344583 1 0.996 3.20391474354144e-130 "3" "HERPUD1"
5.06243433733141e-134 0.979147490354041 1 1 5.04167835654835e-130 "3" "OSTC"
1.30484004315318e-133 2.56448478180814 1 1 1.29949019897625e-129 "3" "HSPA5"
1.26639533917732e-132 1.53905974346594 1 0.992 1.26120311828669e-128 "3" "DDIT3"
1.82043963502438e-132 0.794881081122815 1 0.993 1.81297583252078e-128 "3" "PGM3"
4.46635304122806e-132 1.31089387714987 1 1 4.44804099375903e-128 "3" "SSR2"
1.39797072298053e-131 1.58151199288987 1 1 1.39223904301631e-127 "3" "SSR3"
4.50818325759873e-131 1.08788865283619 1 1 4.48969970624258e-127 "3" "TMED2"
2.52157177073073e-130 1.00095408827995 0.931 0.397 2.51123332647073e-126 "3" "TRIB3"
2.95272522324274e-130 1.00095998384838 1 0.951 2.94061904982744e-126 "3" "XBP1"
8.85742239055238e-130 0.9004557325388 1 1 8.82110695875111e-126 "3" "SEC61G"
1.01176408609387e-128 1.25623080876087 1 1 1.00761585334089e-124 "3" "NANS"
5.29735247737474e-128 1.78866312305778 1 0.999 5.27563333221751e-124 "3" "SEC11C"
7.43625131694864e-128 0.770274956198188 1 1 7.40576268654915e-124 "3" "UFM1"
8.15081547237474e-127 1.26681474200346 1 1 8.11739712893801e-123 "3" "SEC61B"
9.45835979109902e-127 0.899728887676321 1 1 9.41958051595552e-123 "3" "SPCS2"
7.75913679534015e-126 0.961489473094093 1 1 7.72732433447926e-122 "3" "DSTN"
5.32660959037971e-125 0.733100561168581 1 1 5.30477049105915e-121 "3" "EIF2A"
8.19836283476865e-125 0.873203687142649 1 0.987 8.1647495471461e-121 "3" "VEGFA"
2.92404448467766e-123 0.664947012723469 1 0.998 2.91205590229048e-119 "3" "KDM3A"
3.12002571343609e-123 1.05118297766303 0.996 1 3.10723360801101e-119 "3" "CALU"
4.2665690056055e-123 1.09537429746307 1 1 4.24907607268252e-119 "3" "TMEM258"
5.06688785631191e-123 2.4616283992316 1 1 5.04611361610103e-119 "3" "HSP90B1"
7.32832764001285e-123 1.44317431829844 1 1 7.2982814966888e-119 "3" "ZFAS1"
7.39049638276169e-123 1.37359760630925 1 1 7.36019534759236e-119 "3" "TAF1D"
9.66283234203887e-122 1.20242993192482 1 1 9.62321472943651e-118 "3" "HM13"
3.54224389106019e-121 0.739903889270233 1 1 3.52772069110685e-117 "3" "RPS27"
6.84796151030097e-120 1.08914214066001 1 1 6.81988486810874e-116 "3" "TMED9"
9.01809036176558e-120 1.98614501218482 1 0.999 8.98111619128234e-116 "3" "MANF"
7.74328331854048e-119 0.629456844920546 1 1 7.71153585693447e-115 "3" "RPL28"
1.83068411752374e-118 0.815647490137519 1 1 1.82317831264189e-114 "3" "TXNL1"
2.19705194382889e-118 0.836611722655105 1 1 2.1880440308592e-114 "3" "SEC31A"
1.19564990448928e-117 1.15691033980037 1 1 1.19074773988087e-113 "3" "GAS5"
1.26337157887895e-117 0.940889392706146 1 1 1.25819175540555e-113 "3" "MYDGF"
2.19112460760765e-117 0.772208971023199 1 1 2.18214099671646e-113 "3" "SEC63"
7.61024022828543e-117 1.44888874822042 1 1 7.57903824334946e-113 "3" "CALR"
2.4104395222398e-115 1.61777613459992 0.996 0.979 2.40055672019862e-111 "3" "SDF2L1"
2.95896342825859e-115 0.745885439991133 1 1 2.94683167820273e-111 "3" "EIF1"
3.78160883446283e-115 0.567194649289707 1 1 3.76610423824153e-111 "3" "GOLGA2"
3.2498594361453e-114 1.73446643427115 1 0.995 3.2365350124571e-110 "3" "PDIA4"
3.63236673125119e-114 1.32834099523983 1 1 3.61747402765306e-110 "3" "SNHG12"
2.59442279613723e-113 0.840683846472801 1 1 2.58378566267307e-109 "3" "NPM1"
1.32770466054596e-112 0.567550492510074 1 1 1.32226107143772e-108 "3" "EBLN3P"
1.50692376350009e-112 0.783612151941674 1 1 1.50074537606974e-108 "3" "DERL2"
1.53652099344906e-111 0.772930588813598 1 1 1.53022125737592e-107 "3" "BNIP3"
5.01944392769166e-111 0.816559893572721 1 1 4.99886420758813e-107 "3" "FTL"
5.08703159558838e-111 1.00201018080674 1 1 5.06617476604647e-107 "3" "HDLBP"
9.40822593575274e-111 0.631616121698095 1 1 9.36965220941616e-107 "3" "IRF2BP2"
3.38661264113018e-110 0.996898477204285 1 1 3.37272752930155e-106 "3" "PJA2"
2.8958312340943e-109 0.765550252065611 1 1 2.88395832603452e-105 "3" "GNL3"
4.81863113346719e-109 0.598913442818516 1 1 4.79887474581997e-105 "3" "RPL26"
9.14832836924139e-109 0.596572232587801 1 1 9.11082022292751e-105 "3" "RPS24"
9.80015918781934e-109 0.806812515898983 1 1 9.75997853514928e-105 "3" "DAD1"
1.59882325349555e-108 1.12635423458711 1 1 1.59226807815622e-104 "3" "CANX"
8.56965072644004e-108 0.565795321413709 1 1 8.53451515846164e-104 "3" "RAB1A"
8.72920203965664e-108 0.701729963544947 1 1 8.69341231129405e-104 "3" "RPL12"
1.1943282007848e-107 0.68382303867864 1 1 1.18943145516158e-103 "3" "FKBP11"
1.34812361798968e-107 0.835957651257863 1 1 1.34259631115592e-103 "3" "ATF4"
2.25803040081406e-107 0.769039228308344 1 1 2.24877247617073e-103 "3" "TSPYL2"
2.91406707277193e-107 1.02324800849828 1 1 2.90211939777357e-103 "3" "SSR4"
2.13982776390554e-106 0.603516454949856 1 1 2.13105447007353e-102 "3" "PNRC1"
2.77273801033097e-106 0.865064395761431 1 1 2.76136978448861e-102 "3" "LMAN1"
2.2213350998003e-105 0.697304628785717 1 0.994 2.21222762589111e-101 "3" "TULP3"
6.96209748736174e-105 1.10936819388916 1 0.996 6.93355288766356e-101 "3" "DNAJC3"
1.85527282849749e-104 0.591986431587737 1 1 1.84766620990065e-100 "3" "RPS18"
1.13163971671352e-103 1.2966430331011 1 1 1.126999993875e-99 "3" "PDIA6"
7.03855469456017e-101 0.563706873562725 1 1 7.00969662031248e-97 "3" "PTMA"
8.1675370674966e-101 0.605723648293426 0.988 0.99 8.13405016551986e-97 "3" "SLC33A1"
1.26751675588312e-100 0.706305656174952 1 0.997 1.262319937184e-96 "3" "SEL1L"
1.77561663004698e-100 0.603302081211392 1 1 1.76833660186379e-96 "3" "RPL41"
2.42435003420891e-100 1.01085128883743 1 1 2.41441019906866e-96 "3" "NRN1"
8.26604668641744e-100 0.671039615483657 1 0.986 8.23215589500313e-96 "3" "HSPA13"
3.23093842865446e-99 0.576608506826922 1 1 3.21769158109698e-95 "3" "EBAG9"
7.50771188792592e-99 0.849024049982767 1 1 7.47693026918543e-95 "3" "TCEA1"
3.5058408311976e-98 0.575098458767317 1 0.968 3.49146688378969e-94 "3" "ARG2"
2.96046004085915e-97 0.922205950405516 1 1 2.94832215469163e-93 "3" "EPB41L4A-AS1"
8.1433925073429e-97 0.589937276708292 1 1 8.1100045980628e-93 "3" "GADD45A"
1.06881681945263e-96 0.93597309454929 1 1 1.06443467049287e-92 "3" "ATF5"
1.2078971077913e-95 0.635534900097748 1 1 1.20294472964935e-91 "3" "USO1"
1.49744691613081e-94 0.630126310381427 1 0.999 1.49130738377467e-90 "3" "SELENOS"
3.51496799097993e-92 0.900405793308128 1 1 3.50055662221691e-88 "3" "SNHG1"
2.14150112434332e-91 0.776078122258203 1 0.999 2.13272096973351e-87 "3" "TMED7"
1.42310508420072e-88 0.610517189045637 1 1 1.4172703533555e-84 "3" "KDELR2"
1.52752572254148e-87 0.649486551856646 1 1 1.52126286707906e-83 "3" "MLEC"
2.93343911779599e-86 0.77321752653683 1 1 2.92141201741303e-82 "3" "PDIA3"
1.76283925678853e-80 0.881055892977828 1 1 1.75561161583569e-76 "3" "SLC3A2"
3.03272775335989e-80 0.764783666664704 1 1 3.02029356957112e-76 "3" "SNHG7"
1.19405055082852e-79 0.66769206341852 1 0.922 1.18915494357012e-75 "3" "CA9"
7.44195751192504e-76 0.717820504899146 1 1 7.41144548612615e-72 "3" "KCNQ1OT1"
2.27478264142584e-69 0.589511624660145 1 1 2.265456032596e-65 "3" "TRAM1"
1.56695009843475e-55 0.742646834579141 1 1 1.56052560303117e-51 "3" "RTN3"
3.1128037816483e-45 0.632038920090035 1 0.967 3.10004128614355e-41 "3" "CRELD2"
3.0524086805646e-218 1.61062104370572 1 0.078 3.03989380497428e-214 "4" "DLGAP5"
1.435102058432e-216 1.13003657013311 1 0.08 1.42921813999243e-212 "4" "GTSE1"
1.72428032247201e-198 1.15976892708378 1 0.096 1.71721077314987e-194 "4" "NCAPG"
6.51552172920085e-174 1.30478121298561 1 0.125 6.48880809011112e-170 "4" "NUF2"
3.89367429647381e-157 1.17161903494172 1 0.151 3.87771023185827e-153 "4" "MYBL2"
3.13567416441814e-148 1.84967059881643 1 0.165 3.12281790034403e-144 "4" "CDC20"
3.48512741676018e-141 1.14922317983792 1 0.185 3.47083839435146e-137 "4" "TACC3"
1.96135316604648e-139 1.12174898091537 1 0.19 1.95331161806568e-135 "4" "CCNA2"
1.10477053077198e-137 1.46228512336516 1 0.193 1.10024097159582e-133 "4" "CCNB2"
1.13805845640791e-133 1.88554901863088 1 0.205 1.13339241673664e-129 "4" "PBK"
1.68519835731263e-129 2.5108939510401 1 0.218 1.67828904404765e-125 "4" "ASPM"
3.15535761551393e-127 2.01590890490445 1 0.223 3.14242064929032e-123 "4" "RRM2"
2.9615890129446e-126 1.86077056703031 1 0.226 2.94944649799152e-122 "4" "BIRC5"
1.63604083096753e-121 2.58454421773934 1 0.246 1.62933306356056e-117 "4" "MKI67"
5.94979141801589e-111 1.13847510315243 1 0.292 5.92539727320202e-107 "4" "CENPM"
1.93054669336401e-105 2.00834231698287 1 0.325 1.92263145192122e-101 "4" "HMMR"
2.13746345534842e-105 1.13359082205528 1 0.323 2.12869985518149e-101 "4" "KIF23"
5.93122691743118e-105 1.19630313986638 1 0.328 5.90690888706971e-101 "4" "CDCA2"
1.11076639568707e-104 1.07734727860142 1 0.331 1.10621225346475e-100 "4" "KNL1"
3.82139942643469e-104 2.44969570330384 1 0.335 3.80573168878631e-100 "4" "UBE2C"
1.77533720759919e-102 1.18185911589735 1 0.342 1.76805832504803e-98 "4" "ESCO2"
1.07774367940134e-93 1.17385105817212 1 0.404 1.07332493031579e-89 "4" "MXD3"
2.35894459399606e-93 1.31254394560447 1 0.428 2.34927292116067e-89 "4" "ZWINT"
2.01119644592772e-89 1.61210626560546 0.89 0.23 2.00295054049942e-85 "4" "HIST1H1B"
1.92461170344055e-87 1.0757058485532 1 0.513 1.91672079545645e-83 "4" "NDC80"
1.62915731601795e-85 1.22936003873873 1 0.554 1.62247777102228e-81 "4" "KIF11"
1.80393165296234e-84 1.16007837932385 1 0.578 1.7965355331852e-80 "4" "SGO2"
1.05560062929617e-83 1.96275512485911 1 0.602 1.05127266671605e-79 "4" "PRC1"
8.33650052742449e-83 1.86628174088146 1 0.63 8.30232087526205e-79 "4" "CENPE"
1.76358986766589e-82 1.29803119858304 0.953 0.371 1.75635914920846e-78 "4" "HIST1H1A"
4.22059286086691e-82 1.27974937945447 1 0.629 4.20328843013736e-78 "4" "KPNA2"
3.7810823933619e-81 1.16609440871458 1 0.688 3.76557995554912e-77 "4" "CENPK"
6.3141483731539e-81 2.06452371088681 1 0.711 6.28826036482397e-77 "4" "CDKN3"
5.2709468537358e-80 2.44836043878452 1 0.784 5.24933597163549e-76 "4" "PCLAF"
5.64706242392382e-80 1.2397287433816 1 0.632 5.62390946798574e-76 "4" "CLSPN"
6.43556299895722e-80 2.1603393073614 1 0.81 6.4091771906615e-76 "4" "TYMS"
1.16648633161241e-79 1.37516918473959 1 0.809 1.1617037376528e-75 "4" "UBE2T"
1.21039437597373e-79 3.147764528402 1 0.858 1.20543175903224e-75 "4" "TOP2A"
1.35909113373133e-79 1.5394962613165 1 0.849 1.35351886008303e-75 "4" "TK1"
1.44790278669674e-79 2.67924415052311 1 0.887 1.44196638527128e-75 "4" "NUSAP1"
1.58284147375517e-79 2.87061778419925 1 0.886 1.57635182371278e-75 "4" "CENPF"
1.76461100221402e-79 1.40008810966276 1 0.955 1.75737609710494e-75 "4" "MAD2L1"
1.76653404583829e-79 2.79154521361298 1 1 1.75929125625035e-75 "4" "H2AFZ"
1.77118205936373e-79 2.90765615823019 1 0.986 1.76392021292034e-75 "4" "HMGB2"
1.80784532423005e-79 2.14053227612054 1 0.947 1.80043315840071e-75 "4" "SMC4"
1.81032840419169e-79 2.53640545877755 1 0.937 1.80290605773451e-75 "4" "TPX2"
1.94071126665774e-79 2.48431105044722 1 0.999 1.93275435046445e-75 "4" "UBE2S"
1.95841958911174e-79 1.78852213423353 1 0.997 1.95039006879638e-75 "4" "SMC2"
1.98838079666073e-79 2.03915959982935 1 1 1.98022843539442e-75 "4" "STMN1"
2.03104232035383e-79 2.12693030245963 1 0.999 2.02271504684038e-75 "4" "TUBB4B"
2.06206400586511e-79 1.28498673357605 1 0.997 2.05360954344106e-75 "4" "CENPH"
2.22573954732142e-79 1.24243617277634 1 0.856 2.21661401517741e-75 "4" "DHFR"
2.24479675191027e-79 2.60638858790432 1 1 2.23559308522744e-75 "4" "TUBA1B"
3.03016660353346e-79 1.92891918969101 1 0.995 3.01774292045897e-75 "4" "DUT"
3.19037358450837e-79 1.33540647060991 1 0.931 3.17729305281188e-75 "4" "LMNB1"
3.24140896463904e-79 1.30387872986231 1 0.967 3.22811918788402e-75 "4" "DTYMK"
3.45173987448058e-79 1.32583715971195 1 1 3.43758774099521e-75 "4" "CKS1B"
3.51831459008354e-79 1.34065098186981 1 0.913 3.5038895002642e-75 "4" "CKAP2"
3.53636464099358e-79 1.3301545058918 1 0.998 3.52186554596551e-75 "4" "KIF20B"
3.6340735404884e-79 1.88476006257706 1 1 3.6191738389724e-75 "4" "HMGB1"
3.68716503475565e-79 1.25358495630148 1 0.984 3.67204765811315e-75 "4" "RRM1"
5.36943881711328e-79 1.35283735973561 1 1 5.34742411796312e-75 "4" "ANP32E"
5.84390007189864e-79 2.00271594190404 1 1 5.81994008160385e-75 "4" "HMGN2"
7.95409746590796e-79 1.24877871047915 1 0.999 7.92148566629774e-75 "4" "LSM4"
9.46016268841444e-79 2.48945776545547 1 0.849 9.42137602139194e-75 "4" "CCNB1"
1.02509701895381e-78 1.24550600353265 1 1 1.0208941211761e-74 "4" "RANBP1"
1.28161636909998e-78 1.58304135498322 1 1 1.27636174198667e-74 "4" "DEK"
1.41277482732103e-78 1.37014448055633 1 0.912 1.40698245052902e-74 "4" "H2AFX"
1.81835451603973e-78 1.22680602097632 1 1 1.81089926252397e-74 "4" "NUCKS1"
3.83682480463709e-78 1.5346897514134 1 1 3.82109382293807e-74 "4" "RAD21"
3.83682480463709e-78 1.39742201411854 1 0.999 3.82109382293807e-74 "4" "H2AFV"
3.93013152755695e-78 1.67984463741665 1 0.994 3.91401798829397e-74 "4" "CKS2"
6.39550235411925e-78 1.47560850250269 1 1 6.36928079446737e-74 "4" "TUBA1C"
6.70533128582029e-78 1.19147408495373 1 0.897 6.67783942754843e-74 "4" "DIAPH3"
2.20611678819124e-77 1.23690599164113 1 1 2.19707170935965e-73 "4" "RAN"
2.29862299011193e-77 1.58558231954597 1 0.97 2.28919863585247e-73 "4" "TMPO"
3.83615030159844e-77 1.1011678555583 1 1 3.82042208536189e-73 "4" "PSIP1"
4.1872808495806e-77 1.04326192360196 1 0.943 4.17011299809732e-73 "4" "MCM7"
2.02872773605363e-75 2.42930813233378 1 0.98 2.02040995233581e-71 "4" "PTTG1"
2.73091719966389e-75 1.51784054855198 1 0.771 2.71972043914527e-71 "4" "CDK1"
2.82663940109451e-75 1.2987563297293 1 0.972 2.81505017955002e-71 "4" "HNRNPAB"
6.88428730585918e-75 1.34556829896795 1 1 6.85606172790516e-71 "4" "HNRNPA2B1"
2.08885239985925e-73 1.10654240396532 1 0.954 2.08028810501982e-69 "4" "DNMT1"
2.20214340280977e-73 1.11174788243904 1 0.799 2.19311461485825e-69 "4" "HELLS"
2.53216909452399e-73 1.02157574724566 1 0.977 2.52178720123644e-69 "4" "SYNE2"
4.05087039315037e-73 1.78407490371996 1 0.988 4.03426182453846e-69 "4" "PCNA"
2.32180631754932e-72 1.501542274324 1 1 2.31228691164737e-68 "4" "CALM2"
2.64445283966014e-72 1.98711926970942 1 0.997 2.63361058301753e-68 "4" "ATAD2"
1.85588993250793e-71 1.14431388358907 1 1 1.84828078378465e-67 "4" "HSP90AA1"
2.15494047933117e-71 1.22816550695144 1 1 2.14610522336591e-67 "4" "PRKDC"
9.42762521937922e-71 1.36282874194011 1 1 9.38897195597976e-67 "4" "NASP"
5.06734695919614e-70 1.56184803974305 1 0.943 5.04657083666344e-66 "4" "MCM4"
1.40938034641102e-69 1.61537033404881 1 0.999 1.40360188699074e-65 "4" "JPT1"
9.68817375723828e-67 1.02335014152522 1 0.993 9.6484522448336e-63 "4" "KIF5B"
7.5056706312073e-63 1.11796486791917 1 0.956 7.47489738161935e-59 "4" "MCM3"
4.51854760138676e-61 1.19384126738178 1 1 4.50002155622108e-57 "4" "SFPQ"
1.14867904630528e-58 1.04908926970233 0.969 0.743 1.14396946221543e-54 "4" "FBXO5"
4.35526304777837e-47 2.68012542049239 1 1 4.33740646928248e-43 "4" "HIST1H4C"
1.06006353427628e-45 1.78716732743683 1 1 1.05571727378574e-41 "4" "ARL6IP1"
3.53120852138974e-29 1.57782989432537 1 0.999 3.51673056645204e-25 "4" "HIST1H1D"
